Summary							
							
Sequence Details							
Name:		CS_køl_Stu_8A_8B_04_05_2022_1_anioner			Created On:	04-maj-22 12:39:34	
Directory:		LWS\Steffen og Lærke			Created By:	PD100854	
Data Vault:		ChromeleonLocal			Updated On:	12-maj-22 15:15:17	
No. of Injections:		176			Updated By:	Administrator	
							
By Component		Nitrat					
							
No. 	Injection Name	Ret.Time	Area	Height	Amount	Rel.Area 	Peak Type 
		min	µS*min	µS		%	
		CD_1	CD_1	CD_1	CD_1	CD_1	CD_1
		Nitrat	Nitrat	Nitrat	Nitrat	Nitrat	Nitrat
1	Stabil	7,193	2,641	18,610	9,899	11,97	 M 
2	Stabil	7,190	2,641	18,577	9,900	11,96	 M 
3	Vand	n.a.	n.a.	n.a.	n.a.	n.a.	n.a.
4	Vand	n.a.	n.a.	n.a.	n.a.	n.a.	n.a.
5	Blind	n.a.	n.a.	n.a.	n.a.	n.a.	n.a.
6	Blind	n.a.	n.a.	n.a.	n.a.	n.a.	n.a.
7	Std 1 mg/l	7,207	0,223	1,605	1,215	10,22	 M 
8	Std 1 mg/l	7,213	0,222	1,599	1,214	10,24	 M 
9	Std 2,5 mg/l	7,207	0,617	4,481	2,632	11,10	 M 
10	Std 2,5 mg/l	7,207	0,621	4,505	2,645	10,77	 M 
11	Std 5 mg/l	7,200	1,295	9,304	5,067	11,43	 M 
12	Std 5 mg/l	7,207	1,295	9,306	5,066	11,43	 M 
13	Std 10 mg/l	7,197	2,630	18,580	9,859	11,95	 M 
14	Std 10 mg/l	7,193	2,638	18,644	9,888	11,96	 M 
15	Std 25 mg/l	7,170	6,750	45,369	24,652	12,55	 M 
16	Std 25 mg/l	7,167	6,841	45,953	24,981	12,58	 M 
17	Std 50 mg/l	7,123	13,794	84,675	49,947	12,99	 M 
18	Std 50 mg/l	7,123	13,797	84,650	49,956	13,01	 M 
19	Std 75 mg/l	7,093	20,631	117,100	74,494	13,29	 M 
20	Std 75 mg/l	7,090	20,613	116,934	74,430	13,28	 M 
21	Std 100 mg/l	7,057	27,869	147,640	100,484	13,51	 M 
22	Std 100 mg/l	7,060	27,866	147,565	100,471	13,51	 M 
23	5x CS_køl_A_03_05_2022	7,157	4,722	34,128	17,370	33,14	 M 
24	5x CS_A	7,153	4,721	34,130	17,368	33,16	BM 
25	ufort CS_A	6,887	24,873	147,739	89,726	36,77	 M *^
26	ufort CS_A	6,887	25,481	144,368	91,910	36,65	 M ^
27	5x CS_B	7,073	31,017	158,142	111,787	83,84	 M 
28	5x CS_B	7,063	30,997	158,106	111,713	83,84	BM 
29	ufort CS_B	n.a.	n.a.	n.a.	n.a.	n.a.	n.a.
30	ufort CS_B	n.a.	n.a.	n.a.	n.a.	n.a.	n.a.
31	10x 0h Feed 8A	7,190	0,152	1,214	0,963	1,31	BM 
32	10x 0h	7,190	0,124	0,963	0,861	1,35	BM 
33	5x 0h	7,163	0,322	2,663	1,571	1,41	BM 
34	5x 0h	7,170	0,358	2,946	1,701	1,51	BM 
35	10x 0,5h Feed 8A	7,193	0,143	1,147	0,928	1,12	BM 
36	10x 0,5h	7,187	0,142	1,144	0,927	1,11	BM 
37	5x 0,5h	7,160	0,318	2,624	1,557	1,23	BM 
38	5x 0,5h	7,160	0,324	2,682	1,580	1,23	BM 
39	10x 0,5h Retentate 8A	7,187	0,137	1,101	0,906	1,04	BM 
40	10x 0,5h	7,190	0,136	1,099	0,905	1,04	BM 
41	5x 0,5h	7,160	0,302	2,497	1,499	1,16	BM 
42	5x 0,5h	7,163	0,302	2,489	1,499	1,16	BM 
43	5x 0,5h Perm 8A	7,190	0,363	2,888	1,720	1,45	BM 
44	5x 0,5h	7,193	0,418	3,337	1,918	1,56	BM 
45	ufort 0,5h	7,080	2,046	22,471	7,762	1,66	 M 
46	ufort 0,5h	7,077	2,051	22,579	7,779	1,67	 M 
47	10x 1h Feed 8A	7,187	0,134	1,090	0,898	0,99	BM 
48	10x 1h	7,183	0,134	1,091	0,897	0,99	BM 
49	5x 1h	7,153	0,294	2,442	1,471	1,11	BM 
50	5x 1h	7,153	0,345	2,856	1,655	1,21	BM 
51	10x 1h Retentate 8A	7,190	0,129	1,055	0,881	0,93	BM 
52	10x 1h	7,187	0,129	1,059	0,881	0,93	BM 
53	5x 1h	7,153	0,289	2,408	1,455	1,06	BM 
54	5x 1h	7,153	0,292	2,419	1,463	1,06	BM 
55	5x 1h Perm 8A	7,187	0,357	2,876	1,698	1,94	BM 
56	5x 1h	7,183	0,357	2,875	1,698	1,94	BM 
57	ufort 1h	7,047	1,921	22,813	7,315	2,16	 M *
58	ufort 1h	7,043	1,959	22,818	7,450	2,22	 M *
59	10x 1,5h Feed 8A	7,180	0,123	1,005	0,857	0,85	BM 
60	10x 1,5h	7,177	0,152	1,260	0,963	0,95	BM 
61	5x 1,5h	7,150	0,276	2,302	1,408	0,96	BM 
62	5x 1,5h	7,153	0,317	2,637	1,556	1,07	BM 
63	10x 1,5h Retentate 8A	7,177	0,123	1,011	0,856	0,78	BM 
64	10x 1,5h	7,177	0,122	1,010	0,854	0,78	BM 
65	5x 1,5h	7,140	0,267	2,230	1,376	0,90	BM 
66	5x 1,5h	7,137	0,353	3,003	1,684	1,07	BM 
67	5x 1,5h Perm 8A	7,183	0,302	2,675	1,499	1,52	Ru
68	5x 1,5h	7,180	0,302	2,684	1,501	1,52	Ru
69	ufort 1,5h	n.a.	n.a.	n.a.	n.a.	n.a.	n.a.
70	ufort 1,5h	7,283	1,077	4,684	4,282	1,14	 M *
71	Kontrol 25x	7,200	0,993	7,213	3,981	13,58	 M 
72	Kontrol 25x	7,197	0,989	7,200	3,968	13,57	 M 
73	Kontrol 2,5x	7,130	11,474	72,267	41,616	15,20	 M 
74	Kontrol 2,5x	7,127	11,459	72,239	41,563	15,19	 M 
75	10x 2h Feed 8A	7,173	0,113	0,938	0,821	0,67	BM 
76	10x 2h	7,167	0,113	0,942	0,821	0,66	BM 
77	5x 2h	7,137	0,263	2,280	1,361	0,79	BM 
78	5x 2h	7,137	0,265	2,318	1,366	0,79	BM 
79	10x 2h Retentate 8A	7,167	0,108	0,898	0,803	0,61	BM 
80	10x 2h	7,173	0,108	0,903	0,803	0,61	BM 
81	5x 2h	7,127	0,257	2,328	1,340	0,74	 M 
82	5x 2h	7,133	0,260	2,378	1,348	0,75	BM 
83	5x 2h Perm 8A	7,177	0,280	2,552	1,422	1,28	Ru
84	5x 2h	7,180	0,281	2,556	1,424	1,28	Ru
85	ufort 2h	7,223	1,054	5,537	4,202	1,01	 M 
86	ufort 2h	7,220	1,069	5,529	4,254	1,02	 M 
87	10x 2,5h Feed 8A	7,160	0,097	0,801	0,763	0,46	BM 
88	10x 2,5h	7,163	0,097	0,801	0,763	0,46	BM 
89	5x 2,5h	7,100	0,239	2,597	1,273	0,58	 M 
90	5x 2,5h	7,110	0,244	2,614	1,293	0,59	 M 
91	10x 2,5h Retentate 8A	7,167	0,091	0,763	0,742	0,42	 M 
92	10x 2,5h	7,160	0,095	0,768	0,758	0,44	 M 
93	5x 2,5h	7,087	0,226	2,574	1,227	0,52	 M 
94	5x 2,5h	7,087	0,227	2,575	1,229	0,53	 M 
95	5x 2,5h Perm 8A	7,170	0,301	2,458	1,497	1,24	 M 
96	5x 2,5h	7,170	0,300	2,453	1,492	1,24	 M 
97	ufort 2,5h	n.a.	n.a.	n.a.	n.a.	n.a.	n.a.
98	ufort 2,5h	n.a.	n.a.	n.a.	n.a.	n.a.	n.a.
99	10x 3h Feed 8A	7,150	0,088	0,706	0,734	0,34	 M 
100	10x 3h	7,153	0,089	0,705	0,736	0,34	 M 
101	5x 3h	n.a.	n.a.	n.a.	n.a.	n.a.	n.a.
102	5x 3h	7,250	0,892	4,005	3,617	1,74	 M 
103	5x 3h Perm 8A	7,147	0,268	2,201	1,379	0,98	 M 
104	5x 3h	7,153	0,268	2,200	1,380	0,98	 M 
105	ufort 3h	n.a.	n.a.	n.a.	n.a.	n.a.	n.a.
106	ufort 3h	n.a.	n.a.	n.a.	n.a.	n.a.	n.a.
107	10x Final Feed 8A	7,150	0,090	0,711	0,738	0,33	 M 
108	10x Final	7,147	0,091	0,709	0,743	0,34	 M 
109	5x Final	7,247	0,920	4,064	3,718	1,76	 M 
110	5x Final	7,233	0,902	4,031	3,654	1,71	 M 
111	5x Final Perm 8A	7,190	0,390	3,112	1,816	1,98	 M 
112	5x Final	7,180	0,391	3,116	1,820	1,98	 M 
113	ufort Final	7,297	1,007	4,652	4,031	1,11	 M 
114	ufort Final	7,290	0,974	4,757	3,912	1,03	 M 
115	Kontrol 25x	7,203	0,975	6,980	3,918	13,41	 M 
116	Kontrol 25x	7,210	0,976	6,989	3,920	13,41	 M 
117	Kontrol 2,5x	7,127	11,496	72,520	41,693	15,19	 M 
118	Kontrol 2,5x	7,127	11,481	72,510	41,639	15,18	 M 
119	10x 0h Feed 8B	7,203	0,169	1,251	1,022	1,36	 M 
120	10x 0h	7,203	0,169	1,252	1,021	1,35	 M 
121	5x 0h	7,193	0,350	2,787	1,671	1,42	 M 
122	5x 0h	7,187	0,351	2,790	1,677	1,43	 M 
123	10x 0,5h Feed 8B	7,190	0,165	1,240	1,010	1,27	 M 
124	10x 0,5h	7,190	0,165	1,242	1,009	1,27	 M 
125	5x 0,5h	7,187	0,345	2,775	1,655	1,34	 M 
126	5x 0,5h	7,183	0,345	2,778	1,655	1,34	 M 
127	5x 0,5h Perm 8B	7,197	0,382	2,911	1,788	1,97	 M 
128	5x 0,5h	7,203	0,379	2,904	1,777	1,96	 M 
129	ufort 0,5h	7,137	2,103	17,223	7,968	2,21	 M 
130	ufort 0,5h	7,133	2,110	17,257	7,994	2,21	 M 
131	10x 1h Feed 8B	7,197	0,184	1,311	1,075	1,78	 M 
132	10x 1h	7,203	0,184	1,312	1,075	1,78	 M 
133	5x 1h	7,197	0,380	2,908	1,779	1,86	 M 
134	5x 1h	7,200	0,381	2,919	1,783	1,86	 M 
135	5x 1h Perm 8B	7,177	0,341	2,761	1,642	1,26	 M 
136	5x 1h	7,180	0,342	2,766	1,645	1,26	 M 
137	ufort 1h	7,217	1,043	5,585	4,162	0,80	 M 
138	ufort 1h	7,223	1,026	5,598	4,099	0,79	 M 
139	10x 1,5h Feed 8B	7,193	0,154	1,191	0,968	1,06	 M 
140	10x 1,5h	7,193	0,159	1,207	0,988	1,08	 M 
141	5x 1,5h	7,173	0,331	2,684	1,603	1,14	 M 
142	5x 1,5h	7,180	0,328	2,679	1,596	1,14	 M 
143	5x 1,5h Perm 8B	7,193	0,378	2,930	1,774	1,72	 M 
144	5x 1,5h	7,193	0,379	2,932	1,776	1,72	 M 
145	ufort 1,5h	7,107	2,065	21,224	7,832	1,93	 M 
146	ufort 1,5h	7,103	2,062	21,245	7,818	1,92	 M 
147	10x 2h Feed 8B	7,187	0,158	1,248	0,985	0,89	 M 
148	10x 2h	7,180	0,159	1,251	0,986	0,89	 M 
149	5x 2h	7,160	0,280	2,282	1,423	0,95	 M 
150	5x 2h	7,163	0,360	2,943	1,708	0,99	 M 
151	5x 2h Perm 8B	7,180	0,360	2,847	1,710	1,49	 M 
152	5x 2h	7,187	0,361	2,855	1,713	1,49	 M 
153	ufort 2h	7,307	1,127	4,665	4,461	0,96	 M 
154	ufort 2h	7,300	1,131	4,680	4,476	0,96	 M 
155	10x 2,5h Feed 8B	7,180	0,129	1,025	0,880	0,64	 M 
156	10x 2,5h	7,177	0,129	1,025	0,879	0,64	 M 
157	5x 2,5h	7,143	0,288	2,391	1,449	0,73	 M 
158	5x 2,5h	7,140	0,286	2,393	1,444	0,73	 M 
159	5x 2,5h Perm 8B	7,177	0,333	2,704	1,613	1,20	 M 
160	5x 2,5h	7,180	0,334	2,707	1,614	1,20	 M 
161	ufort 2,5h	7,223	1,212	5,606	4,767	0,98	 M 
162	ufort 2,5h	7,223	1,207	5,569	4,750	0,98	 M 
163	10x Final Feed 8B	7,173	0,126	1,006	0,869	0,59	 M 
164	10x Final	7,173	0,127	1,007	0,871	0,60	 M 
165	5x Final	7,143	0,279	2,370	1,417	0,68	 M 
166	5x Final	7,137	0,279	2,372	1,417	0,68	 M 
167	5x Final Perm 8B	7,197	0,367	2,851	1,735	1,71	 M 
168	5x Final	7,190	0,367	2,855	1,733	1,70	 M 
169	ufort Final	7,100	2,011	20,970	7,635	1,92	 M 
170	ufort Final	7,097	2,013	20,977	7,643	1,92	 M 
171	Kontrol 25x	7,207	1,064	7,640	4,237	13,44	 M 
172	Kontrol 25x	7,200	1,067	7,651	4,248	13,38	 M 
173	Kontrol 2,5x	7,130	11,479	72,624	41,633	15,18	 M 
174	Kontrol 2,5x	7,123	11,501	72,687	41,713	15,16	 M 
175	Vand	n.a.	n.a.	n.a.	n.a.	n.a.	n.a.
176	Vand	7,197	0,000	0,002	0,417	0,06	Ru
