"","mL","pH","sec","dpHdml","dvdpH","dpHdv"
"1",0,1.939,2.09,6.428929,NA,NA
"2",0.024,1.942,4.565,3.26831,NA,NA
"3",0.048,1.942,7.035,0.452982,NA,NA
"4",0.072,1.942,9.507,5.021265,NA,NA
"5",0.096,1.946,11.981,4.136668,NA,NA
"6",0.12,1.946,14.454,2.849515,NA,NA
"7",0.144,1.948,16.925,7.257117,12.923076923077,0.0773809523809518
"8",0.168,1.952,19.395,6.401579,14,0.0714285714285715
"9",0.192,1.954,21.866,2.524735,21,0.0476190476190477
"10",0.216,1.95,24.34,3.703343,18.6666666666664,0.0535714285714293
"11",0.24,1.951,26.811,3.340103,28,0.0357142857142857
"12",0.264,1.952,29.284,1.302538,28,0.0357142857142857
"13",0.288,1.952,31.754,4.058892,21,0.0476190476190477
"14",0.312,1.956,34.226,7.254553,28,0.0357142857142857
"15",0.336,1.958,36.697,1.318777,55.9999999999979,0.0178571428571435
"16",0.36,1.957,39.167,3.856332,15.2727272727271,0.0654761904761912
"17",0.384,1.961,41.639,7.579333,14,0.0714285714285715
"18",0.408,1.963,44.111,3.378564,14,0.0714285714285715
"19",0.432,1.964,46.583,2.207647,12.9230769230768,0.0773809523809531
"20",0.456,1.965,49.053,2.412771,16.8,0.0595238095238096
"21",0.48,1.966,51.527,4.546916,15.2727272727271,0.0654761904761912
"22",0.504,1.969,53.999,3.847785,14,0.0714285714285715
"23",0.528,1.969,56.47,6.069962,12.923076923077,0.0773809523809518
"24",0.552,1.974,58.94,7.252844,14,0.0714285714285715
"25",0.576,1.975,61.413,0.495716,18.6666666666664,0.0535714285714293
"26",0.6,1.973,63.885,0.876051,15.2727272727274,0.0654761904761899
"27",0.624,1.976,66.357,3.318736,16.8,0.0595238095238096
"28",0.648,1.976,68.827,2.32132,18.6666666666669,0.0535714285714279
"29",0.672,1.978,71.297,6.334059,14,0.0714285714285715
"30",0.696,1.981,73.767,4.546061,23.9999999999996,0.0416666666666674
"31",0.72,1.981,76.238,3.068314,18.6666666666669,0.0535714285714279
"32",0.744,1.984,78.713,5.029812,12.923076923077,0.0773809523809518
"33",0.768,1.986,81.183,0.767506,18.6666666666664,0.0535714285714293
"34",0.792,1.985,83.655,0.331617,16.8,0.0595238095238096
"35",0.816,1.986,86.127,3.810179,16.8,0.0595238095238096
"36",0.84,1.988,88.597,62.345739,2.94736842105265,0.339285714285713
"37",0.864,2.038,92.973,15.573187,8.40000000000009,0.119047619047618
"38",0.888,2.001,97.535,51.295537,15.2727272727271,0.0654761904761912
"39",0.912,1.995,100.006,5.10246,16.8,0.0595238095238096
"40",0.936,1.996,102.478,0.698276,15.2727272727274,0.0654761904761899
"41",0.96,1.996,104.948,2.569178,12.9230769230768,0.0773809523809531
"42",0.984,1.999,107.42,4.181111,15.2727272727271,0.0654761904761912
"43",1.008,1.999,109.89,2.099103,-4.42105263157897,-0.226190476190475
"44",1.032,2,112.361,4.784518,83.9999999999906,0.0119047619047632
"45",1.056,2.003,114.831,3.67172,21,0.0476190476190477
"46",1.08,2.003,117.301,3.453776,16.8000000000004,0.0595238095238082
"47",1.104,2.006,119.771,5.745182,14,0.0714285714285715
"48",1.128,2.008,122.241,4.686229,15.2727272727277,0.0654761904761886
"49",1.152,2.01,124.711,2.15893,15.2727272727277,0.0654761904761886
"50",1.176,2.01,127.181,3.052075,14,0.0714285714285715
"51",1.2,2.012,129.651,5.679372,14,0.0714285714285715
"52",1.224,2.015,132.122,3.608474,14,0.0714285714285715
"53",1.248,2.015,134.597,4.916994,12.9230769230766,0.0773809523809545
"54",1.272,2.019,137.067,4.881952,15.2727272727271,0.0654761904761911
"55",1.296,2.019,139.537,3.127287,15.2727272727271,0.0654761904761911
"56",1.32,2.021,142.013,6.309273,11.1999999999999,0.0892857142857149
"57",1.344,2.025,144.483,6.03492,12.0000000000002,0.083333333333332
"58",1.368,2.026,146.954,2.346961,14,0.0714285714285715
"59",1.392,2.027,149.426,4.119574,11.2000000000002,0.0892857142857124
"60",1.416,2.03,151.901,5.744327,14,0.0714285714285715
"61",1.44,2.031,154.371,5.016992,11.2000000000002,0.0892857142857124
"62",1.464,2.034,156.841,6.212694,11.1999999999999,0.0892857142857151
"63",1.488,2.036,159.311,3.524715,14,0.0714285714285715
"64",1.512,2.037,161.785,3.835819,11.9999999999998,0.0833333333333348
"65",1.536,2.04,164.255,6.664822,11.2000000000002,0.0892857142857123
"66",1.56,2.042,166.726,3.505057,12.9230769230766,0.0773809523809544
"67",1.584,2.043,169.196,5.758857,10.5,0.0952380952380952
"68",1.608,2.047,171.668,6.208421,11.9999999999998,0.0833333333333348
"69",1.632,2.048,174.139,1.786288,12.923076923077,0.0773809523809518
"70",1.656,2.049,176.61,5.416129,11.1999999999999,0.0892857142857151
"71",1.68,2.052,179.08,5.877658,12.923076923077,0.0773809523809518
"72",1.704,2.053,181.551,3.942655,12.9230769230766,0.0773809523809545
"73",1.728,2.055,184.025,6.177652,11.2000000000002,0.0892857142857124
"74",1.752,2.058,186.495,4.934088,12.923076923077,0.0773809523809518
"75",1.776,2.06,188.965,3.697361,12.0000000000002,0.083333333333332
"76",1.8,2.062,191.436,7.109257,10.5,0.0952380952380952
"77",1.824,2.065,193.907,6.880202,11.1999999999999,0.0892857142857149
"78",1.848,2.067,196.378,4.436662,10.5,0.0952380952380952
"79",1.872,2.069,198.848,4.741784,10.5,0.0952380952380954
"80",1.896,2.071,201.318,5.389634,10.5,0.0952380952380954
"81",1.92,2.074,203.788,6.603284,9.88235294117652,0.101190476190476
"82",1.944,2.077,206.258,4.581958,11.1999999999999,0.0892857142857151
"83",1.968,2.077,208.729,4.046926,11.1999999999999,0.0892857142857151
"84",1.992,2.08,211.199,7.702407,9.88235294117652,0.101190476190476
"85",2.016,2.084,213.669,4.62982,11.1999999999999,0.0892857142857151
"86",2.04,2.084,216.14,4.480251,10.5,0.0952380952380952
"87",2.064,2.087,218.61,6.187054,11.1999999999999,0.0892857142857149
"88",2.088,2.089,221.08,4.660589,11.9999999999998,0.0833333333333347
"89",2.112,2.091,223.551,6.140046,9.88235294117653,0.101190476190476
"90",2.136,2.094,226.022,7.479335,9.33333333333345,0.107142857142856
"91",2.16,2.098,228.493,6.216113,11.1999999999999,0.0892857142857149
"92",2.184,2.099,230.966,3.982825,9.88235294117653,0.101190476190476
"93",2.208,2.101,233.436,6.013553,9.88235294117653,0.101190476190476
"94",2.232,2.104,235.906,4.538369,10.5,0.0952380952380955
"95",2.256,2.105,238.376,3.909322,10.5,0.0952380952380955
"96",2.28,2.107,240.846,7.378482,9.88235294117625,0.101190476190478
"97",2.304,2.111,243.32,6.180216,11.1999999999999,0.0892857142857152
"98",2.328,2.113,245.792,5.327242,10.5,0.0952380952380955
"99",2.352,2.115,248.262,7.464805,9.33333333333319,0.107142857142859
"100",2.376,2.119,250.732,7.045156,9.88235294117651,0.101190476190476
"101",2.4,2.121,253.204,4.202479,9.88235294117653,0.101190476190476
"102",2.424,2.122,255.674,5.932358,8.84210526315805,0.113095238095236
"103",2.448,2.126,258.145,7.144299,9.88235294117653,0.101190476190476
"104",2.472,2.128,260.615,4.481105,9.88235294117653,0.101190476190476
"105",2.496,2.13,263.086,6.140901,9.33333333333345,0.107142857142856
"106",2.52,2.133,265.557,8.257952,9.88235294117653,0.101190476190476
"107",2.544,2.136,268.03,4.557172,10.5,0.0952380952380952
"108",2.568,2.137,270.501,4.293075,9.33333333333322,0.107142857142858
"109",2.592,2.14,272.974,8.758796,9.33333333333322,0.107142857142858
"110",2.616,2.144,275.444,7.00584,9.33333333333345,0.107142857142856
"111",2.64,2.146,277.914,4.525549,9.33333333333322,0.107142857142858
"112",2.664,2.148,280.384,6.221241,9.33333333333345,0.107142857142856
"113",2.688,2.151,282.854,6.172524,9.88235294117653,0.101190476190476
"114",2.712,2.153,285.324,7.116094,8.4,0.119047619047619
"115",2.736,2.157,287.794,8.335728,8.39999999999998,0.119047619047619
"116",2.76,2.16,290.269,4.601616,9.88235294117651,0.101190476190476
"117",2.784,2.161,292.74,4.685375,9.33333333333319,0.107142857142859
"118",2.808,2.164,295.211,9.891252,8.00000000000002,0.125
"119",2.832,2.169,297.684,7.147718,8.84210526315782,0.113095238095239
"120",2.856,2.17,300.154,3.325573,8.84210526315782,0.113095238095239
"121",2.88,2.172,302.629,7.119513,8.84210526315782,0.113095238095239
"122",2.904,2.176,305.103,10.135691,8.4,0.119047619047619
"123",2.928,2.18,307.573,6.529782,8.4,0.119047619047619
"124",2.952,2.181,310.043,5.809283,8.00000000000004,0.124999999999999
"125",2.976,2.185,312.513,7.163102,9.33333333333345,0.107142857142856
"126",3,2.187,314.985,6.478501,8.4,0.119047619047619
"127",3.024,2.19,317.455,8.833153,7.63636363636371,0.13095238095238
"128",3.048,2.194,319.925,6.34517,8.4,0.119047619047619
"129",3.072,2.196,322.397,4.786227,9.33333333333345,0.107142857142856
"130",3.096,2.198,324.868,9.342545,7.63636363636371,0.13095238095238
"131",3.12,2.203,327.339,8.372479,8.4,0.119047619047619
"132",3.144,2.205,329.809,4.57683,8.4,0.119047619047619
"133",3.168,2.207,332.28,8.057956,7.63636363636356,0.130952380952382
"134",3.192,2.212,334.752,10.850206,7.63636363636356,0.130952380952382
"135",3.216,2.216,337.224,7.95283,7.30434782608706,0.13690476190476
"136",3.24,2.219,339.695,4.723835,7.63636363636354,0.130952380952383
"137",3.264,2.22,342.165,5.799882,8.39999999999998,0.119047619047619
"138",3.288,2.223,344.636,9.55878,7.3043478260869,0.136904761904763
"139",3.312,2.228,347.106,6.79046,7.63636363636354,0.130952380952383
"140",3.336,2.229,349.576,7.18276,7.63636363636369,0.13095238095238
"141",3.36,2.234,352.047,9.767323,8.00000000000002,0.125
"142",3.384,2.237,354.52,6.991311,7.99999999999985,0.125000000000002
"143",3.408,2.24,356.99,7.088745,7.30434782608706,0.13690476190476
"144",3.432,2.243,359.462,9.134002,7,0.142857142857143
"145",3.456,2.247,361.933,8.512647,7.63636363636371,0.13095238095238
"146",3.48,2.25,364.407,6.873364,7,0.142857142857143
"147",3.504,2.253,366.88,8.08787,7.30434782608692,0.136904761904763
"148",3.528,2.257,369.35,9.585275,7,0.142857142857143
"149",3.552,2.261,371.82,6.334059,7.63636363636371,0.13095238095238
"150",3.576,2.262,374.291,6.599011,7.30434782608692,0.136904761904763
"151",3.6,2.266,376.763,11.435665,6.72000000000003,0.148809523809523
"152",3.624,2.272,379.236,9.78869,7,0.142857142857143
"153",3.648,2.274,381.706,5.787916,7.30434782608706,0.13690476190476
"154",3.672,2.276,384.176,9.022039,6.72000000000003,0.148809523809523
"155",3.696,2.282,386.646,9.349382,7.30434782608706,0.13690476190476
"156",3.72,2.284,389.117,8.123766,6.2222222222222,0.160714285714286
"157",3.744,2.289,391.588,9.471602,6.4615384615385,0.154761904761904
"158",3.768,2.292,394.058,8.793838,6.99999999999998,0.142857142857143
"159",3.792,2.296,396.528,9.45109,6.4615384615385,0.154761904761904
"160",3.816,2.3,398.999,8.281883,6.22222222222218,0.160714285714287
"161",3.84,2.303,401.469,7.62805,6.99999999999998,0.142857142857143
"162",3.864,2.306,403.942,9.475875,6.22222222222218,0.160714285714287
"163",3.888,2.311,406.413,10.258766,6.4615384615385,0.154761904761904
"164",3.912,2.315,408.887,9.874158,6.2222222222222,0.160714285714286
"165",3.936,2.319,411.36,7.569931,6.71999999999991,0.148809523809526
"166",3.96,2.321,413.831,8.926314,6.46153846153841,0.154761904761906
"167",3.984,2.326,416.302,13.399727,5.79310344827588,0.172619047619047
"168",4.008,2.332,418.773,9.09896,6,0.166666666666667
"169",4.032,2.334,421.244,8.1665,6,0.166666666666667
"170",4.056,2.339,423.714,10.67756,6,0.166666666666667
"171",4.08,2.343,426.187,8.38359,6.2222222222222,0.160714285714286
"172",4.104,2.346,428.662,9.728862,5.60000000000004,0.178571428571427
"173",4.128,2.351,431.133,10.481838,6,0.166666666666667
"174",4.152,2.354,433.603,11.11174,6,0.166666666666667
"175",4.176,2.36,436.074,10.404916,5.79310344827588,0.172619047619047
"176",4.2,2.363,438.544,12.867259,5.25,0.19047619047619
"177",4.224,2.371,441.014,11.653609,5.59999999999996,0.17857142857143
"178",4.248,2.373,443.484,6.831485,5.60000000000004,0.178571428571427
"179",4.272,2.376,445.955,9.837407,5.60000000000004,0.178571428571427
"180",4.296,2.381,448.427,11.365581,5.25,0.19047619047619
"181",4.32,2.386,450.898,10.431412,5.59999999999996,0.17857142857143
"182",4.344,2.39,453.368,9.516046,5.41935483870966,0.18452380952381
"183",4.368,2.394,455.841,12.291203,5.79310344827588,0.172619047619047
"184",4.392,2.4,458.315,11.805743,5.60000000000004,0.178571428571427
"185",4.416,2.403,460.791,11.951893,4.9411764705882,0.202380952380954
"186",4.44,2.41,463.261,13.123664,5.09090909090904,0.196428571428573
"187",4.464,2.414,465.735,9.773305,5.25,0.19047619047619
"188",4.488,2.418,468.206,9.625445,5.24999999999997,0.190476190476191
"189",4.512,2.422,470.68,13.963818,4.80000000000002,0.208333333333332
"190",4.536,2.429,473.152,13.808266,4.94117647058818,0.202380952380955
"191",4.56,2.434,475.625,9.617753,4.94117647058824,0.202380952380952
"192",4.584,2.437,478.098,9.870739,5.24999999999997,0.190476190476191
"193",4.608,2.442,480.568,15.18858,4.66666666666664,0.214285714285715
"194",4.632,2.45,483.038,14.16296,4.66666666666664,0.214285714285715
"195",4.656,2.454,485.508,13.447589,4.30769230769234,0.232142857142855
"196",4.68,2.461,487.978,14.311674,4.66666666666667,0.214285714285714
"197",4.704,2.465,490.448,10.472436,4.66666666666667,0.214285714285714
"198",4.728,2.47,492.918,14.386032,4.2,0.238095238095238
"199",4.752,2.477,495.39,12.585214,4.42105263157897,0.226190476190475
"200",4.776,2.48,497.861,11.21772,4.54054054054055,0.220238095238095
"201",4.8,2.487,500.331,14.292871,4.42105263157897,0.226190476190475
"202",4.824,2.492,502.805,14.016809,4.5405405405405,0.220238095238097
"203",4.848,2.498,505.278,11.810016,4.54054054054055,0.220238095238095
"204",4.872,2.502,507.748,13.43135,4.30769230769234,0.232142857142855
"205",4.896,2.509,510.218,18.708166,4.2,0.238095238095238
"206",4.92,2.517,512.688,13.39289,4.09756097560977,0.244047619047618
"207",4.944,2.521,515.158,11.563867,4.2,0.238095238095238
"208",4.968,2.527,517.628,14.787733,4.09756097560977,0.244047619047618
"209",4.992,2.533,520.098,13.872367,4.20000000000005,0.238095238095235
"210",5.016,2.538,522.568,17.13213,3.73333333333331,0.267857142857145
"211",5.04,2.547,525.038,15.109949,3.99999999999998,0.250000000000001
"212",5.064,2.551,527.508,14.26894,3.99999999999998,0.250000000000001
"213",5.088,2.559,529.978,19.082517,3.65217391304346,0.273809523809525
"214",5.112,2.567,532.449,16.626157,3.6521739130435,0.273809523809523
"215",5.136,2.573,534.92,15.963778,3.57446808510637,0.279761904761905
"216",5.16,2.58,537.394,18.317576,3.35999999999999,0.297619047619049
"217",5.184,2.588,539.866,15.076616,3.73333333333334,0.267857142857142
"218",5.208,2.592,542.336,15.195417,3.42857142857144,0.291666666666666
"219",5.232,2.6,544.807,17.337254,3.5,0.285714285714286
"220",5.256,2.607,547.281,14.421074,3.73333333333334,0.267857142857142
"221",5.28,2.612,549.751,18.333815,3.42857142857144,0.291666666666666
"222",5.304,2.622,552.223,21.838017,3.36000000000001,0.297619047619046
"223",5.328,2.63,554.693,16.817606,3.5,0.285714285714286
"224",5.352,2.636,557.163,15.373191,3.29411764705885,0.303571428571427
"225",5.376,2.643,559.633,20.240614,3.16981132075472,0.31547619047619
"226",5.4,2.653,562.106,25.088378,2.94736842105264,0.339285714285714
"227",5.424,2.664,564.766,20.830345,2.89655172413794,0.345238095238094
"228",5.448,2.67,567.237,11.733949,3.23076923076923,0.30952380952381
"229",5.472,2.674,569.707,18.732097,3,0.333333333333333
"230",5.496,2.686,572.177,22.334588,2.99999999999998,0.333333333333335
"231",5.52,2.692,574.648,18.355182,2.8965517241379,0.345238095238098
"232",5.544,2.701,577.123,20.994444,2.94736842105262,0.339285714285715
"233",5.568,2.71,579.593,24.166175,2.94736842105262,0.339285714285715
"234",5.592,2.721,582.254,25.569565,2.75409836065573,0.363095238095239
"235",5.616,2.731,584.725,19.337213,2.66666666666665,0.375000000000003
"236",5.64,2.737,587.195,19.235506,2.75409836065573,0.363095238095239
"237",5.664,2.747,589.666,24.92257,2.54545454545455,0.392857142857142
"238",5.688,2.758,592.137,22.333733,2.625,0.380952380952381
"239",5.712,2.765,594.608,19.912415,2.625,0.380952380952381
"240",5.736,2.774,597.079,21.986732,2.66666666666668,0.374999999999998
"241",5.76,2.784,599.549,20.219246,2.8,0.357142857142857
"242",5.784,2.791,602.019,24.096091,2.50746268656718,0.398809523809522
"243",5.808,2.804,604.679,27.697727,2.50746268656716,0.398809523809524
"244",5.832,2.814,607.15,24.536253,2.54545454545455,0.392857142857142
"245",5.856,2.824,609.624,25.891781,2.40000000000001,0.416666666666665
"246",5.88,2.835,612.099,25.046499,2.36619718309859,0.422619047619048
"247",5.904,2.845,614.569,25.443926,2.33333333333333,0.428571428571429
"248",5.928,2.856,617.039,27.879774,2.18181818181818,0.458333333333333
"249",5.952,2.868,619.51,25.899473,2.27027027027026,0.440476190476192
"250",5.976,2.878,621.981,27.60884,2.18181818181818,0.458333333333333
"251",6,2.891,624.836,25.909729,2.24,0.446428571428572
"252",6.024,2.899,627.309,26.550742,2.15384615384616,0.464285714285713
"253",6.048,2.913,630.159,25.830243,2.21052631578949,0.45238095238095
"254",6.072,2.921,632.63,27.119106,2.12658227848101,0.470238095238096
"255",6.096,2.935,635.291,38.652205,1.9764705882353,0.50595238095238
"256",6.12,2.953,637.956,27.850715,2.1,0.476190476190476
"257",6.144,2.958,640.427,20.209845,2.12658227848101,0.470238095238096
"258",6.168,2.97,642.897,31.805335,1.95348837209303,0.511904761904761
"259",6.192,2.985,645.748,34.606988,1.97647058823529,0.505952380952383
"260",6.216,2.998,648.598,31.798498,1.86666666666666,0.535714285714287
"261",6.24,3.011,651.448,28.74215,1.93103448275863,0.517857142857141
"262",6.264,3.022,654.109,35.121507,1.93103448275862,0.517857142857144
"263",6.288,3.04,656.96,31.4156,1.86666666666667,0.535714285714284
"264",6.312,3.048,659.431,23.36961,1.8876404494382,0.529761904761904
"265",6.336,3.059,661.901,28.435319,1.93103448275862,0.517857142857144
"266",6.36,3.072,664.372,39.465863,1.7872340425532,0.559523809523808
"267",6.384,3.092,667.033,38.000081,1.82608695652174,0.547619047619048
"268",6.408,3.103,669.504,30.336135,1.76842105263158,0.565476190476191
"269",6.432,3.117,672.164,27.443031,1.95348837209303,0.511904761904761
"270",6.456,3.126,674.635,29.715634,1.7872340425532,0.559523809523808
"271",6.48,3.142,677.486,47.090494,1.58490566037735,0.630952380952383
"272",6.504,3.165,680.716,43.368348,1.58490566037735,0.630952380952383
"273",6.528,3.178,683.756,29.129321,1.73195876288659,0.577380952380955
"274",6.552,3.189,686.226,23.363627,1.78723404255319,0.559523809523811
"275",6.576,3.197,688.699,31.639527,1.71428571428571,0.583333333333335
"276",6.6,3.215,691.549,45.301642,1.54128440366972,0.648809523809527
"277",6.624,3.235,694.401,37.90863,1.59999999999999,0.625000000000003
"278",6.648,3.247,697.061,38.412893,1.64705882352942,0.607142857142856
"279",6.672,3.267,699.912,38.542805,1.66336633663367,0.601190476190475
"280",6.696,3.279,702.577,27.461834,1.66336633663367,0.601190476190475
"281",6.72,3.29,705.047,37.306933,1.48672566371682,0.672619047619047
"282",6.744,3.31,708.087,41.388046,1.54128440366973,0.648809523809523
"283",6.768,3.324,710.557,41.700006,1.54128440366973,0.648809523809523
"284",6.792,3.344,713.791,38.720579,1.54128440366973,0.648809523809523
"285",6.816,3.356,716.261,40.459005,1.51351351351351,0.660714285714286
"286",6.84,3.378,719.491,42.661525,1.5,0.666666666666667
"287",6.864,3.391,721.961,39.293217,1.4,0.714285714285714
"288",6.888,3.41,725.381,39.259884,1.47368421052632,0.678571428571427
"289",6.912,3.424,727.852,40.467552,1.4,0.714285714285714
"290",6.936,3.444,731.274,35.650556,1.54128440366973,0.648809523809523
"291",6.96,3.453,733.747,43.672615,1.35483870967742,0.738095238095238
"292",6.984,3.48,738.313,43.014509,1.51351351351352,0.660714285714284
"293",7.008,3.489,740.786,29.601107,1.47368421052632,0.678571428571427
"294",7.032,3.505,743.446,45.709326,1.43589743589744,0.696428571428571
"295",7.056,3.527,746.299,50.405811,1.37704918032787,0.726190476190475
"296",7.08,3.546,749.34,45.989662,1.38842975206612,0.720238095238095
"297",7.104,3.565,752.381,41.925642,1.3125,0.761904761904762
"298",7.128,3.581,755.421,32.978816,1.5,0.666666666666667
"299",7.152,3.592,757.891,45.761462,1.29230769230769,0.773809523809525
"300",7.176,3.619,762.261,53.038236,1.2824427480916,0.779761904761905
"301",7.2,3.636,765.112,41.285484,1.33333333333334,0.749999999999999
"302",7.224,3.653,768.152,43.193992,1.33333333333333,0.750000000000001
"303",7.248,3.672,771.003,32.924116,1.44827586206897,0.69047619047619
"304",7.272,3.681,773.473,43.893978,1.3125,0.761904761904762
"305",7.296,3.709,778.037,50.298121,1.29230769230769,0.773809523809523
"306",7.32,3.722,781.078,32.095073,1.44827586206897,0.690476190476188
"307",7.344,3.735,783.549,34.932622,1.4608695652174,0.684523809523808
"308",7.368,3.751,786.401,45.712745,1.4,0.714285714285714
"309",7.392,3.773,789.631,43.212795,1.4608695652174,0.684523809523808
"310",7.416,3.787,792.291,48.309273,1.27272727272727,0.785714285714286
"311",7.44,3.813,796.661,44.514478,1.4608695652174,0.684523809523808
"312",7.464,3.824,799.133,33.3318,1.41176470588235,0.708333333333334
"313",7.488,3.841,802.555,45.680267,1.32283464566928,0.755952380952386
"314",7.512,3.862,805.785,43.014509,1.34399999999999,0.744047619047622
"315",7.536,3.876,808.825,30.482285,1.47368421052631,0.678571428571431
"316",7.56,3.887,811.485,42.716224,1.34399999999999,0.744047619047622
"317",7.584,3.912,816.049,38.882969,1.58490566037735,0.630952380952383
"318",7.608,3.919,818.52,36.504385,1.42372881355931,0.702380952380957
"319",7.632,3.942,821.752,38.592377,1.52727272727272,0.654761904761907
"320",7.656,3.951,824.223,35.20954,1.54128440366973,0.648809523809523
"321",7.68,3.971,827.643,40.656437,1.54128440366973,0.648809523809523
"322",7.704,3.985,830.113,35.41039,1.47368421052631,0.67857142857143
"323",7.728,4.001,833.157,32.921552,1.68000000000001,0.595238095238093
"324",7.752,4.012,835.817,36.97617,1.50000000000001,0.666666666666664
"325",7.776,4.031,838.861,43.282025,1.58490566037736,0.63095238095238
"326",7.8,4.048,842.093,31.354917,1.58490566037736,0.630952380952382
"327",7.824,4.057,844.564,26.380659,1.6969696969697,0.589285714285715
"328",7.848,4.07,847.034,35.103559,1.66336633663366,0.601190476190478
"329",7.872,4.086,850.078,44.614476,1.58490566037736,0.63095238095238
"330",7.896,4.107,853.498,46.511019,1.48672566371681,0.67261904761905
"331",7.92,4.125,856.92,39.005189,1.54128440366973,0.648809523809523
"332",7.944,4.14,860.15,19.713274,1.80645161290323,0.553571428571428
"333",7.968,4.141,862.622,24.090963,1.63106796116505,0.613095238095236
"334",7.992,4.16,865.663,37.829144,1.63106796116505,0.613095238095236
"335",8.016,4.173,868.323,35.192446,1.63106796116505,0.613095238095239
"336",8.04,4.189,871.363,37.223174,1.73195876288661,0.577380952380949
"337",8.064,4.204,874.403,28.49942,1.93103448275862,0.517857142857144
"338",8.088,4.212,876.873,25.536232,1.9764705882353,0.50595238095238
"339",8.112,4.225,879.534,25.333672,1.82608695652174,0.547619047619048
"340",8.136,4.233,882.009,35.886449,1.76842105263159,0.565476190476188
"341",8.16,4.255,886.003,35.978755,1.86666666666666,0.535714285714287
"342",8.184,4.263,888.473,21.805539,2.00000000000002,0.499999999999995
"343",8.208,4.273,890.943,34.829205,1.9090909090909,0.523809523809527
"344",8.232,4.292,894.553,33.728373,1.88764044943821,0.529761904761904
"345",8.256,4.301,897.023,21.002137,1.99999999999998,0.500000000000005
"346",8.28,4.309,899.493,33.111292,1.76842105263158,0.565476190476191
"347",8.304,4.328,902.915,39.120571,1.93103448275862,0.517857142857144
"348",8.328,4.342,905.955,26.866974,1.93103448275864,0.517857142857138
"349",8.352,4.35,908.426,21.540587,1.9310344827586,0.517857142857149
"350",8.376,4.36,910.896,23.26021,2.15384615384616,0.464285714285713
"351",8.4,4.37,913.367,27.584054,2.04878048780487,0.488095238095239
"352",8.424,4.383,916.029,31.418164,1.93103448275864,0.517857142857138
"353",8.448,4.396,918.499,27.445595,2.18181818181817,0.458333333333335
"354",8.472,4.405,920.97,33.395901,2.07407407407408,0.482142857142857
"355",8.496,4.423,924.391,33.766834,2.02409638554216,0.494047619047622
"356",8.52,4.433,926.866,23.90806,2.0240963855422,0.494047619047612
"357",8.544,4.443,929.336,21.520929,2.07407407407408,0.482142857142856
"358",8.568,4.451,931.807,22.335443,2.12658227848103,0.470238095238091
"359",8.592,4.462,934.278,31.341242,2.07407407407405,0.482142857142862
"360",8.616,4.477,937.318,31.896787,2.02409638554218,0.494047619047617
"361",8.64,4.488,939.788,23.921735,2.27027027027027,0.440476190476191
"362",8.664,4.497,942.26,21.97904,2.3013698630137,0.434523809523809
"363",8.688,4.506,944.731,33.14377,2.04878048780485,0.488095238095245
"364",8.712,4.525,948.154,30.53784,2.07407407407408,0.482142857142857
"365",8.736,4.532,950.626,18.672269,2.15384615384614,0.464285714285718
"366",8.76,4.54,953.099,22.931157,2.27027027027029,0.440476190476187
"367",8.784,4.551,955.57,29.992552,2.18181818181817,0.458333333333335
"368",8.808,4.565,958.615,28.171221,2.1818181818182,0.45833333333333
"369",8.832,4.574,961.085,21.104699,2.21052631578947,0.452380952380952
"370",8.856,4.582,963.559,24.241387,2.43478260869567,0.410714285714283
"371",8.88,4.594,966.029,28.325064,2.27027027027027,0.440476190476191
"372",8.904,4.606,968.689,24.167884,2.27027027027029,0.440476190476187
"373",8.928,4.614,971.16,19.71071,2.36619718309859,0.422619047619048
"374",8.952,4.622,973.632,27.260129,2.33333333333337,0.428571428571421
"375",8.976,4.637,976.292,24.819153,2.43478260869564,0.410714285714287
"376",9,4.643,978.762,22.940559,2.27027027027027,0.440476190476191
"377",9.024,4.656,981.232,25.267862,2.40000000000001,0.416666666666665
"378",9.048,4.664,983.703,20.213264,2.50746268656715,0.398809523809527
"379",9.072,4.673,986.174,29.973749,2.23999999999998,0.446428571428574
"380",9.096,4.689,989.405,29.675464,2.23999999999998,0.446428571428574
"381",9.12,4.697,991.876,21.545715,2.43478260869561,0.410714285714293
"382",9.144,4.706,994.35,18.207322,2.43478260869564,0.410714285714287
"383",9.168,4.712,996.821,21.703832,2.47058823529411,0.404761904761905
"384",9.192,4.724,999.291,36.374473,2.15384615384614,0.464285714285718
"385",9.216,4.742,1002.525,29.816487,2.2105263157895,0.452380952380947
"386",9.24,4.749,1004.996,20.630349,2.36619718309859,0.422619047619048
"387",9.264,4.76,1007.466,24.65249,2.30136986301373,0.434523809523804
"388",9.288,4.77,1009.94,27.75499,2.18181818181817,0.458333333333335
"389",9.312,4.783,1012.982,30.248102,2.02409638554218,0.494047619047617
"390",9.336,4.795,1015.453,22.020919,2.18181818181817,0.458333333333335
"391",9.36,4.801,1017.923,21.402983,2.40000000000001,0.416666666666666
"392",9.384,4.812,1020.393,25.25846,2.30136986301368,0.434523809523814
"393",9.408,4.822,1022.863,34.270242,2.07407407407408,0.482142857142857
"394",9.432,4.841,1026.283,28.861806,2.21052631578945,0.452380952380957
"395",9.456,4.846,1028.753,20.097881,2.24000000000003,0.446428571428564
"396",9.48,4.858,1031.224,32.199344,2.18181818181817,0.458333333333335
"397",9.504,4.872,1034.264,27.669522,2.12658227848103,0.470238095238091
"398",9.528,4.88,1036.734,20.85684,2.15384615384616,0.464285714285713
"399",9.552,4.89,1039.204,26.403736,2.10000000000001,0.476190476190474
"400",9.576,4.902,1041.676,29.978877,2.27027027027027,0.440476190476191
"401",9.6,4.915,1044.339,43.881158,1.80645161290324,0.553571428571425
"402",9.624,4.939,1048.519,38.09837,1.9090909090909,0.523809523809527
"403",9.648,4.946,1050.989,16.809059,2.07407407407408,0.482142857142857
"404",9.672,4.953,1053.46,27.565251,1.88764044943819,0.52976190476191
"405",9.696,4.969,1056.881,43.761502,1.6969696969697,0.589285714285712
"406",9.72,4.989,1060.495,30.705358,1.82608695652174,0.547619047619048
"407",9.744,4.994,1062.965,16.026169,1.93103448275864,0.517857142857138
"408",9.768,5.002,1065.435,34.553997,2,0.5
"409",9.792,5.023,1068.86,36.613784,1.93103448275862,0.517857142857143
"410",9.816,5.033,1071.33,44.138418,1.57009345794393,0.636904761904761
"411",9.84,5.06,1075.322,41.582059,1.71428571428573,0.583333333333329
"412",9.864,5.067,1077.792,21.130339,1.9090909090909,0.523809523809527
"413",9.888,5.077,1080.262,30.547241,1.71428571428573,0.583333333333329
"414",9.912,5.092,1082.733,44.358926,1.49999999999999,0.66666666666667
"415",9.936,5.114,1086.345,33.039498,1.7319587628866,0.577380952380951
"416",9.96,5.12,1088.815,37.539407,1.5,0.666666666666665
"417",9.984,5.145,1092.425,50.634012,1.6470588235294,0.607142857142862
"418",10.008,5.162,1095.655,28.401131,1.64705882352941,0.607142857142856
"419",10.032,5.169,1098.126,42.380334,1.39999999999999,0.714285714285718
"420",10.056,5.197,1102.117,46.2247,1.46086956521738,0.684523809523814
"421",10.08,5.207,1104.589,38.401782,1.46086956521738,0.684523809523814
"422",10.104,5.229,1108.203,53.586943,1.2824427480916,0.77976190476191
"423",10.128,5.251,1112.385,40.729085,1.42372881355931,0.702380952380957
"424",10.152,5.263,1114.855,24.590952,1.52727272727273,0.654761904761903
"425",10.176,5.272,1117.327,40.159011,1.32283464566928,0.755952380952388
"426",10.2,5.296,1120.939,60.095358,1.34400000000001,0.744047619047614
"427",10.224,5.322,1124.929,44.499949,1.33333333333332,0.750000000000005
"428",10.248,5.333,1127.399,35.068517,1.37704918032788,0.726190476190471
"429",10.272,5.351,1130.82,60.742353,1.27272727272727,0.785714285714287
"430",10.296,5.383,1135.001,46.767424,1.33333333333334,0.749999999999997
"431",10.32,5.389,1137.471,30.154942,1.23529411764705,0.809523809523814
"432",10.344,5.408,1141.084,46.75033,1.27272727272728,0.785714285714279
"433",10.368,5.428,1144.508,55.899717,1.27272727272727,0.785714285714287
"434",10.392,5.454,1147.932,55.334771,1.19148936170213,0.839285714285709
"435",10.416,5.474,1151.735,44.748662,1.19148936170212,0.839285714285718
"436",10.44,5.492,1154.966,36.307808,1.38842975206613,0.720238095238088
"437",10.464,5.504,1157.437,68.984066,1.04999999999999,0.952380952380957
"438",10.488,5.549,1163.518,87.510184,0.994082840236695,1.00595238095237
"439",10.512,5.577,1167.511,53.728821,1.01818181818181,0.982142857142862
"440",10.536,5.593,1170.931,38.392381,1.08387096774194,0.922619047619043
"441",10.56,5.609,1173.781,30.226735,1.16666666666666,0.857142857142862
"442",10.584,5.618,1176.252,67.375551,0.976744186046519,1.02380952380952
"443",10.608,5.664,1182.143,95.477543,0.870466321243517,1.14880952380953
"444",10.632,5.697,1187.848,69.372092,0.971098265895959,1.0297619047619
"445",10.656,5.722,1191.653,38.00179,1.10526315789473,0.90476190476191
"446",10.68,5.729,1194.123,56.007407,0.960000000000007,1.04166666666666
"447",10.704,5.768,1198.874,61.158584,0.982456140350871,1.01785714285715
"448",10.728,5.78,1201.345,70.91565,0.803827751196179,1.24404761904761
"449",10.752,5.827,1207.426,69.452432,0.971098265895949,1.02976190476191
"450",10.776,5.837,1209.899,65.373028,0.913043478260874,1.09523809523809
"451",10.8,5.881,1215.03,93.731425,0.870466321243521,1.14880952380953
"452",10.824,5.915,1219.401,50.965629,0.861538461538466,1.16071428571428
"453",10.848,5.924,1221.871,59.911601,0.852791878172585,1.17261904761905
"454",10.872,5.965,1227.005,89.922101,0.770642201834867,1.29761904761904
"455",10.896,5.998,1231.375,71.979731,0.852791878172585,1.17261904761905
"456",10.92,6.024,1234.986,75.941189,0.750000000000004,1.33333333333333
"457",10.944,6.061,1240.306,59.604769,0.870466321243521,1.14880952380953
"458",10.968,6.074,1242.781,76.412974,0.800000000000005,1.24999999999999
"459",10.992,6.125,1247.911,95.319427,0.733624454148471,1.36309523809524
"460",11.016,6.153,1253.234,71.83358,0.767123287671228,1.30357142857144
"461",11.04,6.184,1258.364,61.144909,0.819512195121947,1.2202380952381
"462",11.064,6.203,1262.164,73.687389,0.76018099547511,1.3154761904762
"463",11.088,6.245,1268.249,119.122361,0.697095435684645,1.43452380952381
"464",11.112,6.302,1272.052,71.788282,0.727272727272725,1.37500000000001
"465",11.136,6.305,1274.523,41.192324,0.796208530805683,1.25595238095239
"466",11.16,6.336,1278.514,79.535133,0.770642201834856,1.29761904761906
"467",11.184,6.371,1283.644,81.938503,0.763636363636369,1.3095238095238
"468",11.208,6.404,1288.778,75.683929,0.730434782608694,1.36904761904762
"469",11.232,6.433,1293.338,69.914816,0.774193548387103,1.29166666666666
"470",11.256,6.462,1297.708,56.522781,0.943820224719093,1.05952380952382
"471",11.28,6.48,1300.94,78.73173,0.753363228699557,1.32738095238094
"472",11.304,6.528,1305.882,99.058667,0.743362831858404,1.3452380952381
"473",11.328,6.562,1311.204,77.249709,0.760180995475121,1.31547619047618
"474",11.352,6.592,1315.576,40.443621,0.874999999999995,1.14285714285715
"475",11.376,6.596,1318.046,67.991778,0.781395348837215,1.2797619047619
"476",11.4,6.648,1324.888,75.66769,0.852791878172585,1.17261904761905
"477",11.424,6.659,1327.362,59.150078,0.774193548387103,1.29166666666666
"478",11.448,6.697,1332.493,101.973138,0.781395348837203,1.27976190476191
"479",11.472,6.743,1339.146,67.277263,0.879581151832467,1.13690476190475
"480",11.496,6.753,1341.616,63.233755,0.8235294117647,1.21428571428572
"481",11.52,6.796,1347.319,84.817077,0.740088105726876,1.35119047619047
"482",11.544,6.823,1352.069,86.345251,0.767123287671228,1.30357142857144
"483",11.568,6.867,1357.769,66.861887,0.763636363636369,1.3095238095238
"484",11.592,6.879,1360.239,68.670397,0.740088105726868,1.35119047619048
"485",11.616,6.924,1365.942,103.438065,0.760180995475118,1.31547619047618
"486",11.64,6.964,1371.453,66.443092,0.743362831858404,1.3452380952381
"487",11.664,6.979,1374.685,40.364135,0.831683168316837,1.20238095238094
"488",11.688,6.998,1378.109,84.082904,0.743362831858404,1.3452380952381
"489",11.712,7.049,1384.379,77.081337,0.861538461538466,1.16071428571428
"490",11.736,7.062,1386.85,62.247451,0.756756756756752,1.32142857142858
"491",11.76,7.101,1392.553,92.5041,0.785046728971969,1.27380952380951
"492",11.784,7.138,1397.686,61.197045,0.898395721925133,1.11309523809524
"493",11.808,7.151,1400.156,74.434382,0.760180995475118,1.31547619047618
"494",11.832,7.2,1406.814,70.880608,0.792452830188677,1.26190476190477
"495",11.856,7.21,1409.284,63.963655,0.823529411764712,1.21428571428571
"496",11.88,7.253,1415.364,71.215644,0.811594202898548,1.23214285714286
"497",11.904,7.269,1418.601,64.541421,0.815533980582528,1.22619047619047
"498",11.928,7.307,1424.303,77.712093,0.857142857142855,1.16666666666667
"499",11.952,7.334,1428.486,46.521275,0.865979381443305,1.1547619047619
"500",11.976,7.345,1430.961,58.642396,0.923076923076922,1.08333333333334
"501",12,7.382,1436.471,87.956329,0.807692307692303,1.23809523809524
"502",12.024,7.418,1441.416,68.874666,0.903225806451609,1.10714285714286
"503",12.048,7.439,1445.218,58.308215,0.848484848484847,1.17857142857143
"504",12.072,7.467,1449.779,76.430068,0.857142857142855,1.16666666666667
"505",12.096,7.503,1455.671,54.62111,0.943820224719097,1.05952380952381
"506",12.12,7.512,1458.142,58.641541,0.815533980582519,1.22619047619048
"507",12.144,7.551,1463.274,63.673063,0.918032786885238,1.08928571428572
"508",12.168,7.565,1465.744,67.461874,0.888888888888894,1.12499999999999
"509",12.192,7.607,1472.206,59.490242,0.959999999999997,1.04166666666667
"510",12.216,7.614,1474.676,54.806577,0.903225806451619,1.10714285714285
"511",12.24,7.653,1480.757,57.921898,1.0566037735849,0.946428571428574
"512",12.264,7.662,1483.227,60.118434,0.884210526315793,1.13095238095238
"513",12.288,7.702,1489.309,65.275594,1.01818181818181,0.982142857142862
"514",12.312,7.716,1491.779,66.545654,0.87046632124353,1.14880952380951
"515",12.336,7.758,1498.24,61.778229,1.04999999999999,0.952380952380957
"516",12.36,7.767,1500.71,24.954193,1.02439024390245,0.976190476190468
"517",12.384,7.778,1503.181,63.49016,1.00598802395209,0.994047619047628
"518",12.408,7.82,1508.882,65.135426,0.988235294117654,1.01190476190476
"519",12.432,7.832,1511.353,63.125211,0.988235294117643,1.01190476190477
"520",12.456,7.872,1517.054,59.703058,1.01204819277109,0.988095238095229
"521",12.48,7.882,1519.524,60.435522,1.02439024390244,0.976190476190479
"522",12.504,7.922,1525.604,60.020146,1.01818181818182,0.982142857142851
"523",12.528,7.932,1528.074,28.719073,0.999999999999995,1.00000000000001
"524",12.552,7.946,1530.545,66.010622,1.01204819277109,0.988095238095229
"525",12.576,7.986,1536.246,64.127754,1.00598802395209,0.994047619047622
"526",12.6,7.999,1538.716,61.886774,1.01204819277109,0.988095238095234
"527",12.624,8.038,1544.797,71.151543,0.954545454545449,1.04761904761905
"528",12.648,8.058,1548.597,40.644472,1.1275167785235,0.886904761904757
"529",12.672,8.071,1551.071,45.338393,1.02439024390244,0.976190476190479
"530",12.696,8.096,1555.251,66.403776,0.933333333333341,1.07142857142856
"531",12.72,8.126,1560.191,67.966138,1.01204819277108,0.988095238095239
"532",12.744,8.152,1564.371,45.499074,1.01818181818182,0.982142857142851
"533",12.768,8.164,1566.842,29.246413,1.20863309352518,0.827380952380952
"534",12.792,8.177,1569.313,66.296086,1.04347826086957,0.958333333333325
"535",12.816,8.219,1575.774,65.7602,1.04999999999999,0.952380952380957
"536",12.84,8.231,1578.244,43.191428,1.05660377358491,0.94642857142857
"537",12.864,8.255,1582.425,57.176614,1.10526315789472,0.904761904761915
"538",12.888,8.278,1586.225,50.227183,1.15862068965517,0.863095238095241
"539",12.912,8.297,1589.455,49.603264,1.07692307692307,0.928571428571436
"540",12.936,8.32,1593.255,56.527054,1.01204819277109,0.988095238095234
"541",12.96,8.343,1597.246,39.012026,1.26315789473683,0.791666666666676
"542",12.984,8.352,1599.719,53.011741,1.07692307692307,0.928571428571436
"543",13.008,8.387,1604.849,61.076534,1.13513513513513,0.880952380952383
"544",13.032,8.403,1608.081,33.395047,1.22627737226278,0.815476190476186
"545",13.056,8.415,1610.551,44.555503,1.17482517482518,0.851190476190473
"546",13.08,8.44,1614.354,43.923037,1.2824427480916,0.77976190476191
"547",13.104,8.451,1616.824,57.272338,1.16666666666666,0.857142857142862
"548",13.128,8.487,1622.144,56.608249,1.15068493150685,0.869047619047617
"549",13.152,8.498,1624.614,42.64785,1.24444444444445,0.803571428571422
"550",13.176,8.522,1628.795,48.090474,1.24444444444444,0.803571428571431
"551",13.2,8.538,1631.836,44.998229,1.15862068965517,0.863095238095241
"552",13.224,8.56,1635.256,39.936794,1.2824427480916,0.77976190476191
"553",13.248,8.571,1637.727,41.182068,1.17482517482519,0.851190476190464
"554",13.272,8.594,1641.528,42.960664,1.4,0.714285714285713
"555",13.296,8.607,1643.998,58.621029,1.16666666666667,0.857142857142853
"556",13.32,8.642,1648.756,64.106387,1.21739130434782,0.821428571428574
"557",13.344,8.66,1652.177,34.9651,1.26315789473686,0.791666666666657
"558",13.368,8.671,1654.647,25.669563,1.38842975206612,0.72023809523809
"559",13.392,8.681,1657.117,52.127144,1.16666666666667,0.857142857142853
"560",13.416,8.715,1662.44,51.875867,1.29230769230768,0.773809523809532
"561",13.44,8.724,1664.91,45.181986,1.15862068965517,0.863095238095241
"562",13.464,8.752,1669.663,55.680063,1.30232558139533,0.767857142857154
"563",13.488,8.771,1673.087,30.580574,1.43589743589746,0.696428571428562
"564",13.512,8.777,1675.56,24.723428,1.39999999999998,0.714285714285723
"565",13.536,8.791,1678.03,50.40923,1.21739130434782,0.821428571428576
"566",13.56,8.819,1682.4,58.057792,1.35483870967741,0.738095238095245
"567",13.584,8.839,1685.821,36.864207,1.33333333333335,0.749999999999992
"568",13.608,8.85,1688.295,37.040272,1.42372881355933,0.702380952380947
"569",13.632,8.87,1691.717,51.816894,1.37704918032788,0.726190476190471
"570",13.656,8.893,1695.898,36.38302,1.36585365853657,0.732142857142867
"571",13.68,8.9,1698.373,16.88769,1.44827586206898,0.690476190476184
"572",13.704,8.907,1700.843,45.156346,1.41176470588235,0.708333333333335
"573",13.728,8.938,1705.403,46.725544,1.58490566037737,0.630952380952376
"574",13.752,8.945,1707.873,40.537636,1.3884297520661,0.720238095238101
"575",13.776,8.971,1712.434,42.799129,1.51351351351351,0.660714285714285
"576",13.8,8.981,1714.906,52.912598,1.37704918032786,0.726190476190479
"577",13.824,9.015,1718.327,43.623044,1.43589743589746,0.696428571428562
"578",13.848,9.017,1720.798,17.409047,1.37704918032786,0.726190476190479
"579",13.872,9.029,1723.459,35.43774,1.54128440366973,0.64880952380952
"580",13.896,9.047,1726.693,47.242628,1.35483870967741,0.738095238095245
"581",13.92,9.069,1730.304,46.999043,1.4608695652174,0.684523809523807
"582",13.944,9.086,1733.726,38.697503,1.39999999999998,0.714285714285723
"583",13.968,9.101,1736.771,26.569545,1.80645161290324,0.553571428571425
"584",13.992,9.108,1739.242,21.849128,1.6470588235294,0.607142857142862
"585",14.016,9.119,1741.712,49.61181,1.4,0.714285714285713
"586",14.04,9.149,1746.462,46.475977,1.52727272727273,0.654761904761904
"587",14.064,9.157,1748.932,20.779064,1.7319587628866,0.577380952380952
"588",14.088,9.166,1751.404,42.423068,1.57009345794393,0.636904761904761
"589",14.112,9.193,1755.017,41.852994,1.68,0.595238095238096
"590",14.136,9.201,1757.487,30.82074,1.52727272727273,0.654761904761904
"591",14.16,9.218,1761.097,33.088215,1.54128440366972,0.648809523809527
"592",14.184,9.228,1763.567,31.907897,1.75000000000001,0.571428571428568
"593",14.208,9.245,1766.988,34.918093,1.68,0.595238095238096
"594",14.232,9.257,1769.459,29.850674,1.63106796116506,0.613095238095233
"595",14.256,9.269,1771.929,37.711198,1.76842105263156,0.565476190476197
"596",14.28,9.288,1775.161,29.260943,1.80645161290324,0.553571428571425
"597",14.304,9.294,1777.633,20.520095,1.93103448275862,0.517857142857144
"598",14.328,9.305,1780.103,51.645957,1.55555555555556,0.642857142857142
"599",14.352,9.336,1785.045,43.895688,1.73195876288657,0.577380952380963
"600",14.376,9.342,1787.515,19.53379,1.75000000000001,0.571428571428568
"601",14.4,9.353,1789.986,31.125007,1.71428571428569,0.58333333333334
"602",14.424,9.367,1793.027,31.65662,1.84615384615387,0.541666666666659
"603",14.448,9.379,1795.497,35.416373,1.63106796116505,0.613095238095239
"604",14.472,9.397,1799.107,30.963472,1.68000000000002,0.595238095238089
"605",14.496,9.405,1801.577,23.547384,2.09999999999999,0.476190476190479
"606",14.52,9.416,1804.047,39.745345,1.76842105263161,0.56547619047618
"607",14.544,9.437,1808.227,39.099204,1.74999999999999,0.571428571428574
"608",14.568,9.449,1810.697,24.279848,1.84615384615387,0.541666666666659
"609",14.592,9.458,1813.168,24.595226,1.86666666666666,0.535714285714287
"610",14.616,9.469,1816.02,26.562707,2.02409638554218,0.494047619047617
"611",14.64,9.48,1818.49,27.307991,1.93103448275858,0.517857142857154
"612",14.664,9.492,1820.96,36.35567,1.78723404255321,0.559523809523803
"613",14.688,9.51,1824.381,32.832665,2.04878048780485,0.488095238095245
"614",14.712,9.519,1826.851,29.75324,1.97647058823529,0.505952380952383
"615",14.736,9.534,1830.083,28.484035,1.97647058823531,0.505952380952378
"616",14.76,9.543,1832.553,23.079872,1.97647058823529,0.505952380952383
"617",14.784,9.554,1835.023,28.493437,1.95348837209301,0.511904761904766
"618",14.808,9.566,1837.493,36.056531,1.84615384615387,0.541666666666659
"619",14.832,9.583,1840.913,34.849718,1.97647058823527,0.505952380952388
"620",14.856,9.595,1843.958,22.459372,2.02409638554218,0.494047619047617
"621",14.88,9.602,1846.429,17.801347,2.2105263157895,0.452380952380947
"622",14.904,9.61,1848.9,34.070247,1.9310344827586,0.517857142857149
"623",14.928,9.63,1852.512,26.478948,2.15384615384616,0.464285714285713
"624",14.952,9.632,1854.982,19.602165,2.0740740740741,0.482142857142851
"625",14.976,9.647,1858.212,31.657475,2.24000000000001,0.446428571428569
"626",15,9.658,1860.683,28.087462,2.24000000000001,0.446428571428569
"627",15.024,9.67,1863.913,26.334507,2.15384615384616,0.464285714285713
"628",15.048,9.68,1866.764,23.190981,2.12658227848099,0.470238095238101
"629",15.072,9.689,1869.237,22.304674,2.47058823529412,0.404761904761904
"630",15.096,9.698,1871.708,16.542398,2.36619718309859,0.422619047619048
"631",15.12,9.703,1874.178,32.531816,2.15384615384616,0.464285714285713
"632",15.144,9.725,1877.599,37.941963,2.21052631578945,0.452380952380957
"633",15.168,9.734,1880.069,16.07745,2.43478260869564,0.410714285714288
"634",15.192,9.739,1882.544,21.061964,2.33333333333329,0.428571428571436
"635",15.216,9.752,1885.208,29.600252,2.27027027027029,0.440476190476187
"636",15.24,9.763,1888.059,22.412364,2.33333333333335,0.428571428571426
"637",15.264,9.77,1890.529,25.631957,2.04878048780487,0.488095238095239
"638",15.288,9.785,1893.759,34.711259,2.27027027027027,0.440476190476191
"639",15.312,9.799,1896.991,20.715818,2.47058823529415,0.4047619047619
"640",15.336,9.802,1899.462,15.320201,2.30136986301373,0.434523809523803
"641",15.36,9.812,1901.933,22.602959,2.47058823529415,0.4047619047619
"642",15.384,9.82,1904.404,27.637899,2.33333333333329,0.428571428571436
"643",15.408,9.835,1907.254,29.643841,2.23999999999998,0.446428571428575
"644",15.432,9.845,1909.726,31.672859,2.21052631578945,0.452380952380957
"645",15.456,9.861,1912.958,25.467858,2.50746268656717,0.398809523809522
"646",15.48,9.866,1915.428,9.687837,2.50746268656715,0.398809523809527
"647",15.504,9.869,1917.899,12.908284,2.58461538461535,0.386904761904767
"648",15.528,9.877,1920.369,31.648928,2.24000000000001,0.446428571428569
"649",15.552,9.895,1923.599,26.936204,2.62500000000009,0.380952380952368
"650",15.576,9.899,1926.069,27.819092,2.30136986301373,0.434523809523803
"651",15.6,9.918,1928.921,28.290877,2.70967741935488,0.369047619047613
"652",15.624,9.923,1931.395,12.631367,2.66666666666663,0.375000000000005
"653",15.648,9.929,1933.867,19.114995,2.43478260869564,0.410714285714288
"654",15.672,9.938,1936.339,27.33705,2.27027027027027,0.440476190476191
"655",15.696,9.951,1939.19,33.874524,2.33333333333332,0.428571428571432
"656",15.72,9.967,1942.233,24.339675,2.30136986301368,0.434523809523814
"657",15.744,9.972,1944.703,7.353696,3.05454545454539,0.327380952380959
"658",15.768,9.973,1947.174,25.686657,2.39999999999998,0.41666666666667
"659",15.792,9.993,1950.214,31.157485,2.40000000000001,0.416666666666666
"660",15.816,9.999,1952.685,21.306404,2.30136986301373,0.434523809523803
"661",15.84,10.011,1955.536,18.409882,2.66666666666673,0.374999999999991
"662",15.864,10.014,1958.006,19.866262,2.80000000000005,0.357142857142851
"663",15.888,10.027,1961.048,20.700433,2.84745762711861,0.35119047619048
"664",15.912,10.031,1963.518,14.936448,2.54545454545457,0.392857142857138
"665",15.936,10.039,1966.558,19.943184,3.11111111111111,0.321428571428571
"666",15.96,10.047,1969.408,18.087666,3.05454545454546,0.327380952380952
"667",15.984,10.054,1971.878,21.857675,3.05454545454536,0.327380952380963
"668",16.008,10.066,1975.301,17.031277,3.05454545454536,0.327380952380963
"669",16.032,10.069,1977.771,9.147677,3.65217391304341,0.273809523809529
"670",16.056,10.073,1980.241,17.132985,3.23076923076921,0.309523809523812
"671",16.08,10.083,1983.093,29.61991,2.84745762711858,0.351190476190484
"672",16.104,10.098,1985.944,26.612279,2.89655172413793,0.345238095238096
"673",16.128,10.105,1988.414,16.922732,2.89655172413796,0.345238095238092
"674",16.152,10.112,1991.075,19.515842,3.05454545454546,0.327380952380952
"675",16.176,10.121,1993.926,21.370505,2.80000000000005,0.357142857142851
"676",16.2,10.129,1996.396,16.665473,2.70967741935485,0.369047619047617
"677",16.224,10.135,1999.056,11.886937,3.0000000000001,0.333333333333323
"678",16.248,10.139,2001.526,15.487719,3.36000000000006,0.297619047619043
"679",16.272,10.148,2003.997,21.497853,3.23076923076924,0.309523809523809
"680",16.296,10.157,2006.473,19.639771,3.23076923076924,0.309523809523809
"681",16.32,10.164,2008.943,15.396268,3.42857142857152,0.291666666666659
"682",16.344,10.17,2011.414,25.256751,2.99999999999994,0.33333333333334
"683",16.368,10.185,2014.454,18.990212,3.2941176470588,0.303571428571431
"684",16.392,10.186,2016.924,7.435746,3.23076923076913,0.309523809523819
"685",16.416,10.191,2019.395,21.395291,3.05454545454552,0.327380952380945
"686",16.44,10.203,2022.436,21.336318,3.23076923076924,0.309523809523809
"687",16.464,10.209,2024.906,11.552756,3.42857142857145,0.291666666666665
"688",16.488,10.213,2027.378,22.535439,2.9473684210526,0.339285714285718
"689",16.512,10.227,2030.801,27.842168,3.29411764705887,0.303571428571424
"690",16.536,10.236,2033.651,17.844936,2.99999999999994,0.33333333333334
"691",16.56,10.242,2036.121,9.606642,3.16981132075476,0.315476190476186
"692",16.584,10.244,2038.591,15.110803,3.23076923076913,0.309523809523819
"693",16.608,10.255,2041.061,21.750839,3.16981132075472,0.31547619047619
"694",16.632,10.262,2043.532,18.499623,2.9473684210526,0.339285714285718
"695",16.656,10.27,2046.383,21.143159,3.16981132075476,0.315476190476186
"696",16.68,10.28,2049.235,17.491097,3.42857142857145,0.291666666666665
"697",16.704,10.285,2051.706,3.801632,4.09756097560996,0.244047619047607
"698",16.728,10.283,2054.176,15.289432,3.16981132075465,0.315476190476197
"699",16.752,10.297,2057.596,24.54309,3.49999999999998,0.285714285714287
"700",16.776,10.303,2060.067,14.282615,3.57446808510646,0.279761904761899
"701",16.8,10.309,2062.539,17.678273,3.50000000000006,0.285714285714281
"702",16.824,10.318,2065.012,32.974542,2.99999999999994,0.33333333333334
"703",16.848,10.336,2068.245,28.859242,2.9473684210526,0.339285714285718
"704",16.872,10.342,2071.096,2.91618,2.99999999999994,0.33333333333334
"705",16.896,10.339,2073.569,12.699741,3.05454545454552,0.327380952380945
"706",16.92,10.352,2076.419,18.699619,3.29411764705891,0.30357142857142
"707",16.944,10.354,2078.889,7.42549,3.42857142857132,0.291666666666675
"708",16.968,10.358,2081.359,21.43717,3.11111111111108,0.321428571428574
"709",16.992,10.372,2084.021,17.558617,4.54054054054064,0.22023809523809
"710",17.016,10.373,2086.491,24.531979,3.36000000000006,0.297619047619043
"711",17.04,10.392,2090.293,21.864512,3.23076923076924,0.309523809523809
"712",17.064,10.391,2092.764,8.81435,3.49999999999998,0.285714285714287
"713",17.088,10.4,2095.236,16.291121,3.2941176470588,0.303571428571431
"714",17.112,10.405,2097.706,21.191022,2.84745762711867,0.351190476190473
"715",17.136,10.417,2100.746,21.57392,3.35999999999994,0.297619047619053
"716",17.16,10.422,2103.216,16.747522,2.89655172413799,0.345238095238088
"717",17.184,10.431,2106.066,13.557844,4,0.25
"718",17.208,10.434,2108.536,20.492745,2.9473684210526,0.339285714285718
"719",17.232,10.448,2111.196,22.73458,3.16981132075476,0.315476190476186
"720",17.256,10.453,2113.67,16.488553,2.94736842105266,0.339285714285711
"721",17.28,10.462,2116.14,15.402251,3.49999999999998,0.285714285714287
"722",17.304,10.465,2118.61,21.185039,2.94736842105269,0.339285714285707
"723",17.328,10.479,2121.46,21.997843,3.16981132075465,0.315476190476197
"724",17.352,10.484,2123.935,8.695549,3.16981132075472,0.31547619047619
"725",17.376,10.487,2126.405,11.511731,3.73333333333332,0.267857142857144
"726",17.4,10.493,2128.876,30.575446,2.84745762711858,0.351190476190484
"727",17.424,10.512,2131.727,20.038908,3.49999999999998,0.285714285714287
"728",17.448,10.51,2134.198,8.926314,3.11111111111115,0.321428571428568
"729",17.472,10.519,2136.669,29.844692,3.05454545454536,0.327380952380963
"730",17.496,10.534,2139.329,21.089314,3.16981132075465,0.315476190476197
"731",17.52,10.537,2141.801,8.481879,3.11111111111108,0.321428571428574
"732",17.544,10.541,2144.275,20.626076,2.75409836065579,0.363095238095232
"733",17.568,10.554,2146.94,18.40048,3.73333333333332,0.267857142857144
"734",17.592,10.557,2149.41,22.275615,2.70967741935485,0.369047619047617
"735",17.616,10.572,2152.642,23.809772,2.9473684210526,0.339285714285718
"736",17.64,10.576,2155.114,13.194603,3.42857142857152,0.291666666666659
"737",17.664,10.583,2157.584,19.780794,3.00000000000003,0.33333333333333
"738",17.688,10.593,2160.057,24.707189,2.6666666666667,0.374999999999995
"739",17.712,10.604,2162.907,19.658574,3.05454545454546,0.327380952380952
"740",17.736,10.609,2165.377,12.701451,2.94736842105266,0.339285714285711
"741",17.76,10.614,2167.848,25.25846,2.89655172413784,0.345238095238106
"742",17.784,10.63,2171.08,20.00643,3.05454545454546,0.327380952380952
"743",17.808,10.631,2173.553,2.664903,3.42857142857145,0.291666666666665
"744",17.832,10.632,2176.024,16.326163,3.23076923076931,0.309523809523802
"745",17.856,10.645,2178.494,18.90047,3.81818181818176,0.261904761904766
"746",17.88,10.648,2180.964,16.717608,3.42857142857145,0.291666666666665
"747",17.904,10.658,2183.814,27.500295,2.94736842105269,0.339285714285707
"748",17.928,10.671,2186.666,16.771453,4.00000000000008,0.249999999999995
"749",17.952,10.672,2189.136,21.282473,2.9473684210526,0.339285714285718
"750",17.976,10.688,2192.178,17.009055,3.11111111111108,0.321428571428574
"751",18,10.686,2194.649,12.576667,3.11111111111108,0.321428571428574
"752",18.024,10.699,2197.31,21.502126,2.99999999999994,0.33333333333334
"753",18.048,10.704,2199.783,16.763761,3.05454545454546,0.327380952380952
"754",18.072,10.713,2202.254,19.459433,3.42857142857132,0.291666666666675
"755",18.096,10.72,2204.724,16.083433,3.11111111111108,0.321428571428574
"756",18.12,10.726,2207.196,16.412486,3.65217391304351,0.273809523809521
"757",18.144,10.734,2209.666,26.388352,2.70967741935485,0.369047619047617
"758",18.168,10.748,2212.516,19.325248,3.2941176470588,0.303571428571431
"759",18.192,10.75,2214.987,11.980098,3.11111111111125,0.321428571428557
"760",18.216,10.758,2217.459,18.493641,3.23076923076913,0.309523809523819
"761",18.24,10.765,2219.929,20.875643,3.05454545454546,0.327380952380952
"762",18.264,10.775,2222.779,19.085936,3.05454545454546,0.327380952380952
"763",18.288,10.781,2225.249,18.334669,3.0000000000001,0.333333333333323
"764",18.312,10.79,2227.719,16.737266,3.57446808510632,0.27976190476191
"765",18.336,10.795,2230.19,19.800452,2.9473684210526,0.339285714285718
"766",18.36,10.807,2232.66,23.716611,2.9473684210526,0.339285714285718
"767",18.384,10.815,2235.131,12.52795,3.23076923076931,0.309523809523802
"768",18.408,10.817,2237.601,15.791132,3.16981132075476,0.315476190476186
"769",18.432,10.828,2240.072,16.499664,3.36000000000006,0.297619047619043
"770",18.456,10.831,2242.542,19.716693,3.11111111111108,0.321428571428574
"771",18.48,10.844,2245.392,25.479823,2.94736842105266,0.339285714285711
"772",18.504,10.852,2248.052,15.404815,3.36000000000006,0.297619047619043
"773",18.528,10.857,2250.527,13.587758,3.49999999999998,0.285714285714287
"774",18.552,10.863,2252.997,23.177306,2.84745762711867,0.351190476190473
"775",18.576,10.876,2255.848,20.008994,3.2307692307692,0.309523809523813
"776",18.6,10.88,2258.318,11.481818,3.05454545454546,0.327380952380952
"777",18.624,10.886,2260.791,13.139049,3.57446808510632,0.27976190476191
"778",18.648,10.891,2263.264,19.828656,3.36000000000006,0.297619047619043
"779",18.672,10.902,2265.734,21.103844,3.29411764705887,0.303571428571424
"780",18.696,10.908,2268.207,16.896237,3.16981132075465,0.315476190476197
"781",18.72,10.916,2270.868,19.661993,3.42857142857132,0.291666666666675
"782",18.744,10.925,2273.53,14.643292,3.49999999999998,0.285714285714287
"783",18.768,10.928,2276.001,17.05179,3.16981132075472,0.31547619047619
"784",18.792,10.939,2278.851,17.247512,3.23076923076924,0.309523809523809
"785",18.816,10.943,2281.321,18.68509,3.23076923076913,0.309523809523819
"786",18.84,10.954,2284.174,18.133819,3.35999999999994,0.297619047619053
"787",18.864,10.958,2286.644,11.51686,3.50000000000006,0.285714285714281
"788",18.888,10.964,2289.118,16.899656,3.57446808510646,0.279761904761899
"789",18.912,10.972,2291.589,18.119289,3.29411764705891,0.30357142857142
"790",18.936,10.979,2294.06,14.216805,3.81818181818176,0.261904761904766
"791",18.96,10.983,2296.531,15.711646,3.4285714285714,0.291666666666669
"792",18.984,10.992,2299.002,19.445758,3.65217391304351,0.273809523809521
"793",19.008,11,2301.477,17.975702,3.44827586206899,0.289999999999998
"794",19.032,11.00672,2303.947,NA,NA,NA
