Summary							
							
Sequence Details							
Name:		multi_salt_10_10.5_std			Created On:	23-nov-21 11:03:09	
Directory:		LWS\Steffen og Lærke			Created By:	PD100854	
Data Vault:		ChromeleonLocal			Updated On:	05-maj-22 12:42:46	
No. of Injections:		180			Updated By:	Administrator	
							
By Component		Natrium					
							
No. 	Injection Name	Ret.Time	Area	Height	Amount	Rel.Area 	Peak Type 
		min	µS*min	µS		%	
		CD_1	CD_1	CD_1	CD_1	CD_1	CD_1
		Natrium	Natrium	Natrium	Natrium	Natrium	Natrium
1	Stabil	3,057	5,529	56,600	25,076	21,48	BM 
2	Stabil	3,050	5,521	56,519	25,038	21,47	BM 
3	Vand	3,040	0,001	0,007	n.a.	2,40	BMB
4	Vand	3,040	0,001	0,009	n.a.	4,30	BMB
5	Blind	3,037	0,001	0,005	n.a.	4,30	Ru
6	Blind	3,033	0,001	0,011	n.a.	9,85	BMB
7	Std 1 mg/l	3,037	0,235	2,430	0,969	24,50	 M 
8	Std 1 mg/l	3,037	0,233	2,413	0,962	23,51	 M 
9	Std 2,5 mg/l	3,043	0,568	5,842	2,485	22,62	BM 
10	Std 2,5 mg/l	3,043	0,568	5,849	2,484	22,44	BM 
11	Std 5 mg/l	3,040	1,119	11,475	4,997	22,00	 M 
12	Std 5 mg/l	3,040	1,132	11,624	5,054	22,01	 M 
13	Std 10 mg/l	3,043	2,191	22,431	9,876	21,77	BMB
14	Std 10 mg/l	3,047	2,191	22,464	9,876	21,73	 M 
15	Std 25 mg/l	3,053	5,551	56,735	25,174	21,54	BM 
16	Std 25 mg/l	3,053	5,512	56,396	24,997	21,56	 M 
17	Std 50 mg/l	3,070	11,047	109,511	50,203	21,50	BM 
18	Std 50 mg/l	3,073	11,006	109,453	50,014	21,49	BM 
19	Std 75 mg/l	3,080	16,498	157,090	75,023	21,50	BM 
20	Std 75 mg/l	3,087	16,521	157,463	75,127	21,57	 M 
21	Std 100 mg/l	3,090	21,974	199,807	99,957	21,49	 M 
22	Std 100 mg/l	3,097	21,940	200,086	99,803	21,49	BM 
23	10P 5x N5_21.1.1_9_11_2021 oml	3,063	5,760	58,773	26,128	95,84	BM 
24	10P 5x	3,063	5,733	58,546	26,003	95,81	 M 
25	10P ufort	3,127	28,378	247,375	129,116	94,10	BM 
26	10P ufort	3,127	28,224	246,776	128,414	94,22	BM 
27	11F 10x	3,070	7,722	78,287	35,061	92,53	 M 
28	11F 10x	3,063	7,662	77,993	34,787	92,25	 M 
29	11F 5x	3,097	15,503	149,886	70,489	92,21	BM 
30	11F 5x	3,097	15,422	149,426	70,122	92,23	BM 
31	12C 10x	3,070	8,112	82,061	36,836	92,31	 M 
32	12C 10x	3,067	8,156	82,508	37,038	92,11	BM 
33	12C 5x	3,093	16,390	157,434	74,528	91,96	BM 
34	12C 5x	3,093	16,317	156,522	74,199	92,10	BM 
35	13P 5x	3,067	6,686	68,160	30,342	95,32	 M 
36	13P 5x	3,063	6,672	68,019	30,279	95,45	 M 
37	13P ufort	3,137	33,149	277,373	150,844	94,21	BM 
38	13P ufort	3,143	33,377	278,582	151,878	94,44	BM 
39	14F 10x	3,067	8,962	90,433	40,709	92,04	 M 
40	14F 10x	3,073	8,985	90,528	40,811	91,75	 M 
41	14F 5x	3,100	18,152	171,977	82,554	91,41	BM 
42	14F 5x	3,103	18,029	171,202	81,993	91,44	BM 
43	15C 10x	3,070	9,612	96,530	43,665	91,63	 M 
44	15C 10x	3,070	9,568	96,061	43,467	91,56	 M 
45	15C 5x	3,100	19,032	179,048	86,560	91,24	BM 
46	15C 5x	3,103	19,033	178,966	86,565	91,24	BM 
47	16P 5x	3,070	7,840	79,511	35,597	94,89	 M 
48	16P 5x	3,063	7,884	79,859	35,797	95,04	 M 
49	16P ufort	3,150	39,008	312,103	177,520	94,20	BM 
50	16P ufort	3,157	39,044	312,128	177,686	94,46	BM 
51	17F 10x	3,077	10,116	101,442	45,963	91,43	 M 
52	17F 10x	3,077	10,055	100,696	45,686	91,39	 M 
53	17F 5x	3,107	20,064	186,950	91,258	91,56	BM 
54	17F 5x	3,103	20,060	187,081	91,244	91,46	BM 
55	18C 10x	3,080	10,766	107,568	48,923	91,40	 M 
56	18C 10x	3,080	10,717	107,145	48,699	91,21	 M 
57	18C 5x	3,113	21,475	198,444	97,686	90,99	BM 
58	18C 5x	3,110	21,570	199,209	98,115	90,93	BM 
59	19P 5x	3,067	8,907	89,782	40,458	94,72	 M 
60	19P 5x	3,073	8,931	90,068	40,566	94,85	 M 
61	19P ufort	3,107	15,997	232,791	72,740	34,38	BM 
62	19P ufort	3,107	16,017	232,924	72,832	34,47	BM 
63	Kontrol 200x	3,037	0,237	2,444	0,978	8,91	 M 
64	Kontrol 200x	3,037	0,235	2,439	0,972	9,04	 M 
65	Kontrol 20x	3,027	2,239	21,812	10,094	9,05	 M 
66	Kontrol 20x	3,027	2,222	21,659	10,015	9,06	 M 
67	20F 10x	3,083	12,488	123,488	56,761	92,10	 M 
68	20F 10x	3,080	12,350	122,358	56,136	90,72	 M 
69	20F 5x	3,117	24,930	223,656	113,419	90,58	BM 
70	20F 5x	3,123	24,767	222,838	112,672	90,54	BM 
71	21C 10x	3,090	13,221	130,257	60,103	90,60	 M 
72	21C 10x	3,083	13,267	130,382	60,308	90,42	 M 
73	21C 5x	3,127	26,624	235,163	121,132	90,68	BM 
74	21C 5x	3,123	26,461	234,329	120,388	90,68	BM 
75	22P 5x	3,080	10,905	108,909	49,553	94,05	 M 
76	22P 5x	3,080	10,987	109,350	49,928	94,11	 M 
77	22P ufort	3,107	15,238	233,620	69,286	26,44	BM 
78	22P ufort	3,107	16,385	236,261	74,506	28,56	BM 
79	23F 10x	3,107	18,924	178,066	86,069	89,73	 M 
80	23F 10x	3,100	18,981	178,561	86,328	89,56	 M 
81	23F 5x	3,147	37,640	303,977	171,289	89,46	BM 
82	23F 5x	3,150	37,597	304,004	171,097	89,41	BM 
83	24P 5x	3,060	6,498	66,107	29,487	93,01	 M 
84	24P 5x	3,060	6,435	65,621	29,199	93,40	 M 
85	24P ufort	3,140	31,828	269,695	144,828	93,04	BM 
86	24P ufort	3,133	31,839	269,768	144,877	93,17	BM 
87	CS_Reservoir_A_09_11_2021 5x	3,080	12,543	123,914	57,015	88,82	 M 
88	CS_Reservoir_A  5x	3,087	12,725	125,363	57,844	89,75	 M 
89	CS_Reservoir_A ufort	3,100	16,132	233,066	73,358	23,20	BM 
90	CS_Reservoir_A ufort	3,107	16,237	233,887	73,836	23,41	BM 
91	CS_Reservoir_B 5x	3,070	10,910	108,794	49,579	95,36	 M 
92	CS_Reservoir_B 5x	3,070	10,848	108,184	49,294	94,99	 M 
93	CS_Reservoir_B ufort	3,097	15,927	230,536	72,420	28,52	BM 
94	CS_Reservoir_B ufort	3,103	16,580	236,241	75,395	29,67	BM 
95	CS Makeup 5x	3,067	8,552	86,255	38,840	92,31	 M 
96	CS Makeup 5x	3,073	8,525	86,071	38,720	91,46	 M 
97	CS Makeup ufort	3,160	42,192	328,818	192,017	91,44	BM *
98	CS Makeup ufort	3,103	16,834	232,433	76,554	35,92	BM 
99	N3 reservoir 09-11-2021 5x	3,070	9,683	97,548	43,990	92,45	 M 
100	N3 reservoir 09-11-2021 5x	3,077	9,690	97,280	44,023	92,44	 M 
101	N3 reservoir 09-11-2021 ufort	3,107	17,094	234,823	77,736	33,57	BM 
102	N3 reservoir 0-11-2021 ufort	3,113	16,235	234,949	73,825	31,66	BM 
103	0F stu_oml pH 10 10x	3,070	7,950	80,432	36,097	97,79	 M 
104	0F 10x	3,063	7,939	80,313	36,050	98,49	 M 
105	3F 10x	3,057	9,878	98,740	44,880	97,08	 M 
106	3F 10x	3,077	9,774	98,043	44,404	95,88	 M 
107	4F 10x	3,077	10,995	109,555	49,963	95,50	 M 
108	4F10x	3,073	10,955	108,942	49,780	94,73	 M 
109	5F 10x 	3,087	12,594	124,041	57,245	94,81	 M 
110	5F 10x	3,087	12,511	123,353	56,868	94,08	 M 
111	5,5F 10x	3,083	14,059	136,997	63,915	93,98	 M 
112	5,5F 10x	3,087	14,037	136,729	63,814	93,31	 M 
113	6F 10x	3,097	15,305	146,263	69,592	93,64	 M 
114	6F 10x	3,093	15,135	146,259	68,815	93,11	 M 
115	6,5F 10x	3,097	17,722	167,819	80,598	95,49	 M 
116	6,5F 10x	3,103	17,802	168,439	80,962	95,87	 M 
117	Kontrol 200x	3,033	0,236	2,444	0,975	8,87	 M 
118	Kontrol 200x	3,037	0,236	2,456	0,975	9,20	 M 
119	Kontrol 20x	3,030	2,196	21,483	9,899	9,04	 M 
120	Kontrol 20x	3,030	2,210	21,589	9,964	9,04	 M 
121	0F stu_oml pH10,5 10x	3,073	8,774	88,312	39,853	99,76	 M 
122	0F 10x	3,070	9,009	90,651	40,921	99,82	 M 
123	2,5F 10x	3,083	11,233	111,453	51,046	99,55	 M 
124	2,5F 10x	3,083	11,266	111,797	51,199	99,45	 M 
125	4F 10x	3,080	12,883	126,449	58,560	99,08	 M 
126	4F 10x	3,080	12,992	127,408	59,056	98,88	BM 
127	5F 10x	3,093	14,557	141,356	66,186	98,56	 M 
128	5F 10x	3,087	14,529	140,889	66,057	98,46	 M 
129	6F 10x	3,100	16,560	158,333	75,305	98,07	 M 
130	6F 10x	3,093	16,620	159,218	75,580	98,12	 M 
131	7F 10x	3,103	19,710	183,645	89,648	97,72	BM 
132	7F 10x	3,107	19,719	184,047	89,688	98,05	 M 
133	8F 10x	3,117	25,059	223,461	114,005	97,45	BM 
134	8F 10x	3,123	25,337	225,818	115,269	97,54	BM 
135	CS_Reservoir_A_16_11_2021_5x	3,083	14,063	136,961	63,935	94,50	 M 
136	CS_Reservoir_A  5x	3,083	14,135	137,647	64,263	95,14	 M 
137	CS_Reservoir_A ufort	3,097	17,204	234,574	78,238	23,38	BM 
138	CS_Reservoir_A ufort	3,097	17,262	234,945	78,501	23,55	BM 
139	CS_Reservoir_B 5x	3,063	8,692	87,693	39,478	94,39	 M 
140	CS_Reservoir_B 5x	3,063	8,642	87,409	39,251	94,30	 M 
141	CS_Reservoir_B ufort	3,103	16,659	237,286	75,757	36,46	BM 
142	CS_Reservoir_B ufort	3,110	16,687	237,535	75,882	36,58	BM 
143	N3 reservoir 16-11-2021 5x	3,070	8,272	83,438	37,563	95,97	 M 
144	N3 reservoir 5x	3,070	8,205	82,926	37,258	95,27	 M 
145	N3 reservoir ufort	3,153	40,720	319,646	185,318	94,24	BM 
146	N3 reservoir ufort	3,160	41,057	322,690	186,852	94,32	BM 
147	CS_Reservoir_A_23_11_2021 5x	3,090	14,580	141,518	66,291	93,78	 M 
148	CS_Reservoir_A  5x	3,087	14,728	142,689	66,964	94,85	 M 
149	CS_Reservoir_A ufort	3,010	0,024	0,247	0,007	0,03	BM 
150	CS_Reservoir_A ufort	3,210	72,872	465,398	331,720	95,20	 M *
151	CS_Reservoir_B 5x	3,077	10,582	106,029	48,084	93,25	 M 
152	CS_Reservoir_B 5x	3,077	10,507	105,107	47,742	93,12	 M 
153	CS_Reservoir_B ufort	3,103	15,689	236,040	71,340	27,88	BM 
154	CS_Reservoir_B ufort	3,103	17,423	236,198	79,234	30,90	BM 
155	CS Makeup 5x	3,047	3,143	32,201	14,211	97,84	 M 
156	CS Makeup 5x	3,053	3,124	32,030	14,124	98,57	 M 
157	CS Makeup ufort	3,097	15,705	151,766	71,412	97,82	BM 
158	CS Makeup ufort	3,093	15,797	152,076	71,830	97,56	 M 
159	N3 reservoir 23-11-2021 5x	3,060	7,128	72,465	32,358	94,09	 M 
160	N3 reservoir 5x	3,063	7,104	72,173	32,248	93,26	 M 
161	N3 reservoir ufort	3,143	35,527	290,212	161,668	92,22	BM 
162	N3 reservoir ufort	3,147	35,742	292,270	162,649	92,31	BM 
163	Regnvand reservoir 23-11-21 5x	3,047	3,415	34,935	15,447	65,25	 M 
164	Regnvand reservoir 5x	3,053	3,566	36,457	16,137	65,86	 M 
165	Regnvand reservoir ufort	3,093	17,171	163,813	78,088	65,23	BM 
166	Regnvand reservoir ufort	3,090	17,236	164,508	78,384	65,17	 M 
167	Regnvand feed inlet 5x	3,050	0,003	0,060	n.a.	0,04	 M 
168	Regnvand feed inlet 5x	3,050	4,456	45,691	20,188	66,92	 M 
169	Regnvand feed inlet ufort	3,103	22,159	202,610	100,798	66,37	BM 
170	Regnvand feed inlet ufort	3,107	22,175	202,942	100,874	66,38	BM 
171	Regnvand perm 5x	3,057	4,445	45,451	20,139	66,37	 M 
172	Regnvand perm 5x	3,050	4,438	45,459	20,108	66,63	 M 
173	Regnvand perm ufort	3,110	22,050	201,864	100,305	66,29	BM 
174	Regnvand perm ufort	3,103	22,157	202,757	100,790	66,14	BM 
175	Kontrol 200x	3,033	0,233	2,406	0,962	8,81	 M 
176	Kontrol 200x	3,033	0,231	2,390	0,949	8,97	 M 
177	Kontrol 20x	3,027	2,209	21,559	9,958	8,99	 M 
178	Kontrol 20x	3,030	2,217	21,535	9,993	9,03	 M 
179	Vand	3,040	0,012	0,124	n.a.	77,73	BMB
180	Vand	3,033	0,009	0,094	n.a.	80,72	BMB
