Summary							
							
Sequence Details							
Name:		anion_multi_9.2_std			Created On:	26-okt-21 13:08:05	
Directory:		LWS\Steffen og Lærke			Created By:	PD100854	
Data Vault:		ChromeleonLocal			Updated On:	05-maj-22 14:17:03	
No. of Injections:		184			Updated By:	Administrator	
							
By Component		Sulfat					
							
No. 	Injection Name	Ret.Time	Area	Height	Amount	Rel.Area 	Peak Type 
		min	µS*min	µS		%	
		CD_1	CD_1	CD_1	CD_1	CD_1	CD_1
		Sulfat	Sulfat	Sulfat	Sulfat	Sulfat	Sulfat
1	Stabil	8,227	9,049	54,607	24,452	16,83	 MB
2	Stabil	8,237	9,233	55,508	24,950	16,91	 M 
3	Vand	8,193	0,060	0,116	0,175	74,69	 M 
4	Vand	8,200	0,055	0,126	0,160	51,82	 MB
5	Blind	8,203	0,052	0,113	0,152	53,61	 MB
6	Blind	n.a.	n.a.	n.a.	n.a.	n.a.	n.a.
7	Std 1 mg/l	8,343	0,360	2,410	0,985	16,45	 MB
8	Std 1 mg/l	8,347	0,351	2,392	0,960	15,99	 M 
9	Std 2,5 mg/l	8,347	0,887	6,455	2,407	15,03	 M 
10	Std 2,5 mg/l	8,347	0,887	6,451	2,408	15,00	 MB
11	Std 5 mg/l	8,333	1,849	13,014	5,007	16,10	 MB
12	Std 5 mg/l	8,337	1,876	13,094	5,078	16,20	 MB
13	Std 10 mg/l	8,317	3,647	25,189	9,863	16,25	 M 
14	Std 10 mg/l	8,323	3,705	25,332	10,020	16,45	 M 
15	Std 25 mg/l	8,270	9,265	55,865	25,036	16,90	 M 
16	Std 25 mg/l	8,273	9,245	55,726	24,982	16,92	 M 
17	Std 50 mg/l	8,210	18,495	93,115	49,965	17,38	 M *
18	Std 50 mg/l	8,207	18,617	93,454	50,293	17,39	 M 
19	Std 75 mg/l	8,160	27,798	123,044	75,090	17,65	 M 
20	Std 75 mg/l	8,153	27,902	123,093	75,371	17,68	 M 
21	Std 100 mg/l	8,113	37,008	147,960	99,966	17,88	 M 
22	Std 100 mg/l	8,107	36,861	147,629	99,567	17,86	 M 
23	F 0 5x Stu_20_10_2021 pH 9,2	8,290	5,182	25,101	14,008	25,85	 M 
24	F 0 5x	8,300	5,241	25,244	14,168	25,68	 M 
25	F 0 ufort	8,167	24,470	67,335	66,102	25,39	 M 
26	F 0 ufort	8,167	25,291	68,918	68,319	25,39	 M 
27	3,5 F 5x	8,277	7,264	33,339	19,631	33,65	 M 
28	3,5 F 5x	8,280	7,216	33,174	19,502	33,71	 M 
29	3,5 F ufort	8,123	34,460	89,939	93,083	33,39	 M 
30	3,5 F ufort	8,123	34,362	89,837	92,818	33,34	 M 
31	3,5 P 5x	8,343	0,542	1,422	1,477	3,68	 MB
32	3,5 P 5x	8,347	0,489	1,529	1,334	3,28	 M 
33	3,5 P ufort	8,303	1,413	3,149	3,830	2,01	 M 
34	3,5 P ufort	8,303	1,411	3,139	3,823	2,00	 M 
35	F 5 5x	8,270	9,112	40,037	24,623	38,91	 M 
36	F 5 5x	8,263	9,503	41,029	25,679	38,60	 M 
37	F 5 ufort	8,083	43,695	111,596	118,026	38,70	 M 
38	F 5 ufort	8,087	43,688	111,719	118,007	38,77	 M 
39	P 5 5x	8,333	0,516	1,530	1,407	3,45	 M 
40	P 5 5x	8,337	0,531	1,558	1,447	3,37	 M 
41	P 5 ufort	8,300	1,503	3,045	4,073	2,08	 M 
42	P 5 ufort	8,297	1,520	3,076	4,118	2,10	 M 
43	F 6 5x	8,257	10,734	45,958	29,004	43,16	 M 
44	F 6 5x	8,253	11,508	48,257	31,094	42,83	 M 
45	F 6 ufort	8,057	51,059	129,750	137,915	42,64	 M *
46	F 6 ufort	8,057	51,203	130,190	138,302	42,63	 M *
47	P 6 5x	8,343	0,545	1,546	1,485	3,60	 M 
48	P 6 5x	8,340	0,548	1,550	1,493	3,61	 M 
49	P 6 ufort	8,290	1,658	3,290	4,491	2,31	 M 
50	P 6 ufort	8,300	1,644	3,287	4,453	2,30	 M 
51	F 7 5x	8,247	13,179	53,716	35,608	48,38	 M 
52	F 7 5x	8,233	13,752	55,142	37,155	48,42	 M 
53	F 7 ufort	8,220	0,008	0,121	0,034	0,01	Rd
54	F 7 ufort	8,227	18,767	87,406	50,698	14,47	 M 
55	P 7 5x	8,343	0,604	1,668	1,644	4,04	 M 
56	P 7 5x	8,317	0,726	2,261	1,972	4,37	 M 
57	P 7 ufort	8,297	1,838	3,507	4,976	2,55	 M 
58	P 7 ufort	8,297	1,978	3,660	5,354	2,49	 M 
59	F 8  5x	8,220	15,880	62,985	42,901	53,59	 M *
60	F 8 5x	8,223	15,870	62,543	42,875	53,99	 M 
61	F 8 ufort	8,227	16,447	92,854	44,432	11,95	 M 
62	F 8 ufort	8,117	28,963	140,493	78,236	19,05	 M 
63	Kontrol 25x	8,277	10,190	60,424	27,534	29,22	 M 
64	Kontrol 25x	8,273	10,212	60,474	27,594	29,20	 M 
65	Kontrol 2,5x	8,270	11,524	66,270	31,137	29,36	 M 
66	Kontrol 2,5x	8,263	11,533	66,388	31,162	29,36	 M 
67	P 8 5x	8,307	0,756	2,278	2,054	4,77	 M 
68	P 8 5x	8,307	0,768	2,321	2,088	4,77	 M 
69	P 8 ufort	8,253	2,198	4,550	5,949	2,94	 M 
70	P 8 ufort	8,257	2,191	4,541	5,931	2,95	 M 
71	F 9 5x	8,190	21,517	80,405	58,127	63,57	 M 
72	F 9 5x	8,173	24,489	86,683	66,152	62,96	 M 
73	F 9 ufort	8,120	32,164	151,329	86,881	18,98	 M 
74	F 9 ufort	8,173	22,022	125,817	59,489	12,97	 M 
75	P 9 5x	8,337	0,723	1,951	1,964	4,46	 M 
76	P 9 5x	8,333	0,732	1,962	1,988	4,50	 M 
77	P 9 ufort	8,303	1,836	4,009	4,972	2,38	 M 
78	P 9 ufort	8,300	1,845	4,001	4,997	2,39	 M 
79	N3 5x 12_10_2021	8,327	3,574	20,337	9,666	41,30	 M 
80	N3 5x	8,317	3,575	20,311	9,668	41,40	 M 
81	N3 ufort	8,217	16,938	62,522	45,759	40,66	 M 
82	N3 ufort	8,217	16,960	62,552	45,819	40,69	 M 
83	N3 5x 19_10_2021	8,310	4,531	24,612	12,251	39,95	 M 
84	N3 5x	8,317	4,531	24,600	12,251	39,89	 M 
85	N3 ufort	8,193	21,280	70,745	57,485	39,44	 M *
86	N3 ufort	8,190	21,272	70,799	57,464	39,47	 M 
87	N3 5x 26_10_2021	8,313	4,523	24,072	12,229	36,54	 M 
88	N3 5x	8,317	4,548	24,145	12,295	36,57	 M 
89	N3 ufort	8,193	21,846	70,291	59,014	36,09	 M 
90	N3 ufort	8,190	21,829	70,260	58,969	36,16	 M 
91	CS_A 5x 12_10_2021	8,327	2,122	8,418	5,745	11,87	 M 
92	CS_A 5x	8,323	2,323	9,107	6,285	11,79	 M 
93	CS_A ufort	8,240	10,061	23,927	27,184	10,78	 M *
94	CS_A ufort	8,240	10,044	23,877	27,140	10,70	 M *
95	CS_B 5x 12_10_2021	8,347	1,792	10,370	4,853	4,34	 M 
96	CS_B 5x	8,347	1,790	10,344	4,846	4,35	 M 
97	CS_B ufort	8,263	8,681	36,041	23,458	4,34	 M 
98	CS_B ufort	8,257	8,665	36,023	23,414	4,32	 M 
99	CS_A 5x 19_10_2021	8,323	2,464	8,868	6,668	18,86	 M 
100	CS_A 5x	8,320	2,452	8,862	6,636	18,99	 M 
101	CS_A ufort	8,247	11,049	25,173	29,854	18,13	Rd*
102	CS_A ufort	8,247	10,921	25,080	29,509	17,93	Rd*
103	CS_B 5x 19_10_2021	8,320	2,486	9,727	6,726	11,54	 M 
104	CS_B 5x	8,320	2,484	9,720	6,722	11,54	 M 
105	CS_B ufort	8,237	11,273	26,512	30,459	10,75	 M 
106	CS_B ufort	8,237	11,176	26,289	30,196	10,71	 M 
107	Kontrol 25x	8,277	10,220	60,499	27,614	29,15	 M 
108	Kontrol 25x	8,277	10,236	60,556	27,658	29,16	 M 
109	Kontrol 2,5x	8,267	11,638	66,788	31,444	29,30	 M 
110	Kontrol 2,5x	8,267	11,593	66,644	31,322	29,29	 M 
111	CS_A 5x 26_10_2021	8,323	1,959	8,779	5,303	8,09	 M 
112	CS_A 5x	8,327	1,981	8,880	5,363	8,14	 M 
113	CS_A ufort	8,243	9,887	25,325	26,716	7,58	 M 
114	CS_A ufort	8,233	9,869	25,320	26,666	7,59	 M 
115	CS_B 5x 26_10_2021	8,343	1,427	7,430	3,866	3,76	 M 
116	CS_B 5x	8,337	1,433	7,453	3,884	3,77	 M 
117	CS_B ufort	8,267	6,838	24,519	18,482	3,69	 M 
118	CS_B ufort	8,267	6,788	24,386	18,347	3,68	 M 
119	JP 1 5x	8,350	1,426	8,073	3,863	28,23	 MB
120	JP 1 5x	8,347	1,518	8,540	4,113	28,35	 M 
121	JP 1 ufort	8,290	6,691	31,025	18,084	26,52	 M 
122	JP 1 ufort	8,277	8,032	35,317	21,706	26,87	 M 
123	JP 2 5x	8,343	2,262	13,834	6,123	51,99	 M 
124	JP 2 5x	8,347	2,257	13,817	6,109	52,08	 M 
125	JP 2 ufort	8,260	11,066	49,775	29,901	52,02	 M 
126	JP 2 ufort	8,257	11,055	49,744	29,871	52,02	 M 
127	JP 3 5x	8,347	2,023	12,194	5,478	46,30	 M 
128	JP 3 5x	8,343	2,022	12,152	5,472	46,09	 M 
129	JP 3 ufort	8,267	9,749	43,606	26,342	46,09	 M 
130	JP 3 ufort	8,270	9,559	43,281	25,831	45,71	 M 
131	JP 4 5x	8,353	0,985	4,222	2,674	18,00	 M 
132	JP 4 5x	8,350	0,986	4,232	2,677	18,03	 M 
133	JP 4 ufort	8,300	3,741	14,239	10,118	14,61	 M 
134	JP 4 ufort	8,307	3,748	14,196	10,136	14,64	 M 
135	JP 5 5x	8,343	2,075	12,506	5,618	34,64	 M 
136	JP 5 5x	8,340	2,073	12,459	5,611	34,71	 M 
137	JP 5 ufort	8,267	9,621	44,015	25,996	34,20	 M 
138	JP 5 ufort	8,270	9,657	44,132	26,094	34,15	 M 
139	JP 6 5x	8,350	1,790	10,921	4,848	33,21	 M 
140	JP 6 5x	8,343	1,793	10,882	4,856	33,34	 M 
141	JP 6 ufort	8,277	8,312	39,907	22,463	32,84	 M 
142	JP 6 ufort	8,280	8,250	39,728	22,293	32,72	 M 
143	JP 7 5x	8,357	0,939	5,167	2,548	23,37	 M 
144	JP 7 5x	8,350	0,953	5,242	2,588	23,46	 M 
145	JP 7 ufort	8,307	4,537	21,125	12,267	22,30	 M 
146	JP 7 ufort	8,303	4,549	21,136	12,299	22,30	 M 
147	JP 8 5x	8,350	1,196	6,701	3,244	22,09	 M 
148	JP 8 5x	8,353	1,203	6,729	3,261	22,09	 M 
149	JP 8 ufort	8,297	5,411	24,787	14,627	21,03	 M 
150	JP 8 ufort	8,300	5,330	24,505	14,408	20,91	 M 
151	Kontrol 25x	8,273	10,225	60,258	27,628	29,17	 M 
152	Kontrol 25x	8,270	10,276	60,467	27,765	29,20	 M 
153	Kontrol 2,5x	8,267	11,544	66,239	31,191	29,27	 M 
154	Kontrol 2,5x	8,263	11,612	66,583	31,375	29,32	 M 
155	JP 9 5x	8,340	2,276	13,921	6,161	47,80	 M 
156	JP 9 5x	8,343	2,276	13,922	6,160	47,94	 M 
157	JP 9 ufort	8,267	9,832	47,948	26,566	47,98	 M 
158	JP 9 ufort	8,267	9,794	47,772	26,465	47,94	 M 
159	JP 10 5x	8,337	2,021	12,248	5,472	45,69	 M 
160	JP 10 5x	8,340	2,016	12,240	5,457	45,76	 M 
161	JP 10 ufort	8,270	9,249	44,854	24,992	45,83	 M 
162	JP 10 ufort	8,270	9,239	44,825	24,964	45,84	 M 
163	JP 11 5x	8,353	0,996	5,012	2,702	19,91	 M 
164	JP 11 5x	8,350	0,992	4,997	2,692	20,02	 M 
165	JP 11 ufort	8,307	4,363	18,171	11,797	18,88	 M 
166	JP 11 ufort	8,300	4,355	18,183	11,774	18,82	 M 
167	JP 12 5x	8,350	0,748	3,354	2,034	12,93	 M 
168	JP 12 5x	8,353	0,741	3,324	2,014	12,91	 M 
169	JP 12 ufort	8,313	3,198	12,248	8,649	11,78	 M 
170	JP 12 ufort	8,310	3,174	12,157	8,584	11,75	 M 
171	JP 13 5x	8,347	1,225	6,757	3,321	24,72	 M 
172	JP 13 5x	8,353	1,217	6,758	3,298	24,48	 M 
173	JP 13 ufort	8,287	5,657	24,886	15,290	23,49	 M 
174	JP 13 ufort	8,297	5,666	24,926	15,315	23,49	 M 
175	JP 14 5x	8,353	1,399	8,254	3,791	29,10	 M 
176	JP 14 5x	8,343	1,402	8,252	3,799	29,17	 M 
177	JP 14 ufort	8,290	6,659	31,421	17,997	28,36	 M 
178	JP 14 ufort	8,287	6,627	31,347	17,912	28,44	 M 
179	Kontrol 25x	8,277	10,251	60,583	27,699	29,20	 M 
180	Kontrol 25x	8,277	10,212	60,416	27,595	29,17	 M 
181	Kontrol 2,5x	8,263	11,540	66,355	31,181	29,29	 M 
182	Kontrol 2,5x	8,263	11,576	66,502	31,278	29,35	 M 
183	Vand	8,227	0,087	0,158	0,248	69,89	 MB
184	Vand	8,217	0,084	0,157	0,239	72,38	 M 
